0.6428605
0.5371807
0.7644692
0.7040626
0.8809637
0.7761017
0.5633347
0.7380786
0.3682064
0.5135171
0.5374299
0.5925556
0.6188544
0.5447644
0.4062498
0.543993
0.3642111
0.4892538
0.5615538
0.4017637
0.3389335
0.4549593
0.2850827
0.4321357
0.2986001
0.530774
0.5081766
0.6356156
0.481639
0.5276816
0.8612503
0.9418105
1.094912
0.6463123
0.693284
0.6368825
0.4304645
0.45856
0.5529425
0.4338545
0.6074044
0.5161744
0.5669289
0.6544468
0.6173541
0.4171836
0.398584
0.3148122
0.5667579
0.4627741
0.3793976
0.4021903
0.3567147
0.4735182
0.5472428
0.449481
0.6004129
0.5448834
0.4926514
0.3703392
0.3125903
0.5675524
0.4704512
0.3978122
0.4838594
0.4059327
0.4717498
0.5147116
0.8148953
0.6680473
0.5027719
0.42558
0.3515354
0.4840065
0.3889208
0.3669284
0.3600367
0.4448991
0.4172458
0.3942424
0.4571413
0.3631765
0.5946265
0.4763006
0.73455
0.511173
0.7720677
0.4901222
0.5495346
0.9244708
0.8866016
0.5710383
0.8667144
0.8893742
0.8372209
0.5426095
0.5671559
0.3406629
0.262778
0.4416951
0.748829
0.9310514
0.6669556
0.5091474
0.4107126
0.6571875
0.6780156
0.689146
0.5630873
0.6084112
0.5539483
0.9072396
1.055429
0.5920911
0.8321038
0.8938349
0.6710158
0.6269194
0.7909964
0.5988181
0.3964871
0.5351062
0.4826607
0.6023739
0.5674446
0.4948057
0.5449083
0.6509542
0.5703225
0.3666497
0.3668041
0.3974813
0.4531461
0.3790543
0.4954193
0.4515572
0.5386996
0.4442764
0.353087
0.4909589
0.59092
0.9901704
0.8986913
0.6602468
0.5882243
0.7966165
0.5698533
0.6475322
0.7239295
0.4907927
0.4656155
0.4097112
0.6564448
0.5911793
0.5517442
0.5473217
0.5714833
0.8000493
0.6831618
0.7326352
0.6324488
0.4416748
0.5464795
0.7861989
0.9837756
0.6040636
0.7200263
0.5968929
0.4860057
0.4186466
0.3071033
0.3322085
0.5316561
0.6217362
0.3094884
0.5005133
0.4044778
0.4399129
0.4218676
0.4890466
0.6929611
0.7156224
0.4678327
0.4470566
0.3812013
0.3285893
0.3980066
0.3394767
0.4635198
0.3771251
0.5106319
0.5120432
0.3920344
0.4156447
0.3353685
0.3885374
0.6261081
0.4986451
0.3162853
0.2197539
0.3636134
0.4509404
0.712801
0.5543638
0.7535121
0.7633321
0.4969104
0.3764249
0.2142492
0.3620123
0.35533
0.3614779
0.5028165
0.7919655
0.441125
0.5563949
0.4302196
0.3564461
0.3465963
0.4170842
0.4209413
0.4191123
0.4888637
0.7006248
0.8820821
0.4021827
0.7251179
0.7029348
0.5566004
0.3986097
0.5439675
0.321155
0.4085191
0.8171628
0.4950431
0.4672513
0.4240034
0.3458345
0.4175127
0.3761224
0.5468592
0.6253883
1.006376
0.5351406
0.9270306
0.8296427
0.5431664
0.4875476
0.7726229
0.5758329
0.4794112
0.492412
0.3897583
0.4256916
0.4638163
0.4496596
0.5631894
0.4343181
0.4283086
0.4769814
0.3737201
0.344872
0.472257
0.4884242
0.5887246
0.7050265
0.6571649
0.7869806
0.7523313
0.5333986
0.3463526
0.3656786
0.3538126
0.4099376
0.5114076
0.3785129
0.287651
0.3008077
0.2192362
0.348463
0.323514
0.5719449
0.5250907
0.4333846
0.5583927
0.6168109
0.5542856
0.6255583
0.5066846
0.6553293
0.6657337
0.866155
0.7488384
0.72413
0.6124267
0.5791102
0.5108904
0.5054027
0.6136816
0.5109841
0.5372286
0.7390364
0.5606914
0.5306347
0.3909521
0.235373
0.2628007
0.3406307
0.3279207
0.3036646
0.3677942
0.274265
0.3484386
0.368842
0.3449288
0.5073572
1.385968
1.122189
0.5609096
0.7034976
0.7130062
0.8444889
0.6511898
0.5929037
0.4961177
0.5558595
0.5119347
0.532814
0.5420665
0.6365089
0.6116539
0.5783246
0.4533228
0.3975029
0.3344033
0.31817
0.3784412
0.4706259
0.8991495
0.7343664
0.7487877
0.6931295
0.7142818
0.7840753
0.6176269
0.4839296
0.4584856
0.8138437
0.6184499
0.6039456
0.5596575
0.4778316
0.4895507
0.2791347
0.2826983
0.3948373
0.5597779
0.3829948
0.4513952
0.5522708
0.8333954
0.6640474
0.9471473
0.9031224
0.7401808
0.6493068
0.3730331
0.3275957
0.390933
0.4844973
0.6803985
0.896063
0.5625993
0.5257248
0.5892654
0.8313113
0.6526761
0.7906604
0.9781933
0.8003655
0.5803048
0.5699745
0.3923387
0.6151077
0.589806
0.427519
0.412002
0.4064354
0.5599635
0.3048945
0.3434719
0.4033612
0.4379838
0.5337401
0.3162417
0.4667655
0.669755
0.6748378
0.763045
0.8308409
0.7854337
1.092795
1.235425
0.8847236
0.8528235
0.7542435
0.7282455
0.7758435
0.6737168
0.6371579
1.60323
1.000579
0.8163448
0.520779
0.4416823
0.4013702
0.4046195
0.6007603
0.4431692
0.4504212
0.7273592
0.6413607
0.4666888
0.5423172
0.7068576
0.5050145
0.4115718
0.4706028
0.4699658
0.2838837
0.2927882
0.2680382
0.2631954
0.3024858
0.3678049
0.5151026
0.4752451
0.8352753
0.9922607
0.6438238
0.4252073
0.3685753
0.3443536
0.3968918
0.3571326
0.4070637
0.3827411
0.6807412
1.093664
0.7804696
0.7057397
0.9924758
0.5355761
0.4114621
0.6039312
0.5616152
0.4631508
0.3878365
0.3716702
0.5824019
0.7505569
0.9802101
0.7633787
0.5237144
0.5995664
0.6193636
0.6822229
0.8601956
1.044356
0.6407753
0.9286444
0.463746
0.5876122
0.706611
0.5939341
0.5329621
0.4758992
0.3677546
0.3963151
0.6081579
0.5689514
0.7843426
0.4557779
0.3054365
0.3879441
0.5747446
0.4772775
0.5392633
0.3803613
0.3835477
0.4238573
0.2234996
0.3559578
0.3686356
0.3697158
0.5490664
0.5691536
0.3589823
0.4457014
0.4671799
