0.0008354814
0.0008854933
0.0009331976
0.001050099
0.0009217002
0.0007354151
0.0007783802
0.0009332454
0.001225505
0.001307936
0.0009163162
0.001061764
0.0009224103
0.0009143487
0.00076297
0.0007261937
0.0007777922
0.0008366554
0.001005884
0.001199749
0.0008610544
0.0008456534
0.0008746012
0.0006689621
0.0007762227
0.0008596198
0.0008981859
0.00119431
0.0008868258
0.0009492199
0.0009762231
0.0007548185
0.0005932397
0.0007851774
0.0008484025
0.000903108
0.0007010949
0.0006715778
0.0007720088
0.0006598334
0.0006505665
0.0007329183
0.0008159878
0.0008117545
0.0007965687
0.0007310384
0.0007875235
0.0009143445
0.0009859751
0.000820641
0.0008843164
0.0007433466
0.0008078643
0.0005879126
0.0007852986
0.0007397116
0.0007368539
0.0008821287
0.0007703517
0.0009056836
0.0008501661
0.0006792926
0.0007861214
0.0007585002
0.0007145227
0.000711792
0.0006610151
0.0007444115
0.0008882123
0.0007235417
0.0005993521
0.0006228222
0.0006480763
0.0007247747
0.0006925152
0.0005854356
0.0006322702
0.0005775712
0.0005753893
0.000559341
0.0007968251
0.0009563076
0.001203989
0.001479963
0.0009597092
0.0007305447
0.0009037282
0.0007757396
0.0007640756
0.0007814356
0.0009531003
0.0007900395
0.0007733542
0.0005583316
0.0004242738
0.0006051241
0.000656098
0.0005811962
0.0008181562
0.0008123742
0.000947961
0.0008142508
0.0006173015
0.0006705265
0.0006906109
0.0007928324
0.0007750578
0.0008998192
0.0007742748
0.0006904069
0.0008595768
0.000996188
0.001261285
0.00132946
0.001184448
0.001370398
0.001382284
0.002037531
0.002039434
0.002092341
0.002334686
0.002533406
0.002100182
0.001872772
0.001653534
0.001650167
0.001690407
0.0018514
0.001196952
0.001159393
0.0009796935
0.0008602102
0.0009826221
0.0007653433
0.0009750103
0.0008535762
0.001024295
0.001046806
0.001335955
0.001501358
0.001417812
0.0008378997
0.001120869
0.001364873
0.001160266
0.001208298
0.001074914
0.001442017
0.001373933
0.001346407
0.001343094
0.001112953
0.001135928
0.0009292296
0.001067452
0.0007959868
0.00075506
0.0008248705
0.000806498
0.0007805765
0.0007007831
0.0009131094
0.0008427347
0.0009251392
0.001062182
0.00119845
0.001166333
0.0009911767
0.001001103
0.001107169
0.001134736
0.00167957
0.001471147
0.001244416
0.00129772
0.0009494298
0.001134409
0.001069989
0.001226809
0.00132434
0.00145419
0.00138411
0.00106342
0.0009756799
0.001427062
0.001163984
0.0009336827
0.001116974
0.001000189
0.001205276
0.001180211
0.0009519949
0.001059926
0.0009265881
0.0008723224
0.0008589646
0.001024575
0.0009316669
0.001010249
0.001101777
0.001071801
0.0009805011
0.0008636325
0.0008028039
0.0007900103
0.000842667
0.0008720162
0.0009899794
0.001118773
0.001195254
0.0007849377
0.0006803164
0.0006848187
0.0008446389
0.0007340647
0.0007393082
0.0006340139
0.0006281011
0.0008533721
0.0007840891
0.0007234915
0.0007010551
0.0008947921
0.0009494338
0.001033156
0.0009988975
0.0009538442
0.001028003
0.001039622
0.0009423074
0.0007328671
0.0006140332
0.0008672012
0.0006785145
0.0005843769
0.0006267008
0.0006975078
0.0006822514
0.0006332972
0.000722817
0.000586315
0.0006946582
0.0006542727
0.000675055
0.0007187068
0.0007134835
0.0008356173
0.0009936214
0.001099436
0.001183305
0.0009778096
0.0009455216
0.001046085
0.001078711
0.001111279
0.001022197
0.0008448484
0.001108737
0.001218578
0.001520113
0.001613398
0.00110473
0.001000031
0.0009916299
0.0007347961
0.0006884568
0.0007653967
0.0006852521
0.0007493851
0.0008785494
0.0006430698
0.0005844252
0.0009356963
0.001046976
0.0007693353
0.0008853663
0.0006705927
0.0005699121
0.0004878137
0.0005462337
0.0005745499
0.0004696526
0.0004791976
0.0005600654
0.0006544103
0.0006958942
0.0006226261
0.0006962313
0.0007139513
0.0007468417
0.0007347188
0.0009522487
0.0008047635
0.0008041597
0.0007981072
0.0008471701
0.0009012567
0.001321635
0.001075808
0.001466717
0.001475436
0.001489835
0.001370305
0.001600421
0.001197495
0.001227303
0.001063571
0.0007351515
0.0005864123
0.0005352227
0.0004603705
0.0005580216
0.0007095826
0.0007900802
0.0006438306
0.0005636122
0.0006686776
0.0005611279
0.0007061854
0.0007530867
0.0006980107
0.0008653128
0.001026173
0.0008622948
0.0009628737
0.0007384542
0.0005297534
0.0004847092
0.0003982757
0.0004496188
0.0004804513
0.0006266581
0.0008191257
0.001010126
0.0009552804
0.001153728
0.001341989
0.00141227
0.00128223
0.001247023
0.001145738
0.001190142
0.0008136403
0.0007731648
0.0008124765
0.0007337818
0.0008550468
0.0008467981
0.0007979928
0.0009345082
0.001008324
0.001035877
0.001083727
0.001059018
0.001046158
0.0009402493
0.001063939
0.0009502196
0.0008592266
0.000888952
0.0009373622
0.001199458
0.001269732
0.0009112402
0.001221463
0.001638105
0.001079234
0.0009957607
0.001294391
0.001288706
0.001130579
0.001322108
0.001481863
0.001967114
0.001943503
0.001439351
0.001333377
0.001189289
0.0009414998
0.000931089
0.001030834
0.001137674
0.001017221
0.0009525778
0.001024122
0.001081839
0.0009409793
0.001054735
0.0009433296
0.00100969
0.001112026
0.00131591
0.001471999
0.001731728
0.001508649
0.001121337
0.0011568
0.001127888
0.000825771
0.001080262
0.001334201
0.001257461
0.001201456
0.001014415
0.0008887044
0.0008643797
0.0009122955
0.0009890834
0.001417419
0.001005466
0.001215378
0.001109142
0.001074591
0.0007310499
0.0007481793
0.0007689113
0.0009433684
0.0009858518
0.001446121
0.001336462
0.001428335
0.00108622
0.0009614856
0.0008614247
0.0009277313
0.0008782382
0.0008805985
0.0008227181
0.0008046592
0.0009954041
0.0008336829
0.0009215953
0.000782254
0.0006846575
0.0005822437
0.0006201749
0.0005258167
0.0006051055
0.0005108029
0.0004942234
0.0004840815
0.000513107
0.0005979766
0.0005711237
0.0005459938
0.0006149898
0.0006243692
0.0005327029
0.0005932865
0.0007170584
0.00080782
0.0005974323
0.0006999819
0.0006411258
0.0006875415
0.0005797393
0.0006911121
0.0006167018
0.0007493662
0.0006292808
0.0007369417
0.0008044345
0.0008949013
0.0007383284
0.000734098
0.0005624357
0.0004920679
0.0005598154
0.0006237058
0.0007010237
0.0007047849
0.0006350148
0.0007010895
0.0007726598
0.0008403957
0.0009831009
0.001176149
0.001464942
0.001173831
0.001517857
0.001132272
0.00128685
0.00108874
0.0011096
0.001035942
0.00082057
0.0008211807
0.0009856889
0.0009215009
0.0009409121
0.0007774987
0.0008631968
0.0008327763
0.001103456
0.0009388871
0.0009094287
0.00123661
0.001231747
0.000865886
0.0008706776
