0.001064994 -3.362945e-05 0.0003019944 0.0008304923 8.851884e-06 0.0007928013
0.0007029347 -0.0001051825 0.0001103808 0.0008349586 3.739139e-05 0.0006532383
0.0005201272 -0.0001504346 -4.552316e-05 0.0008742216 -6.199391e-05 0.0005116123
0.0003981329 -0.0001139188 -7.22242e-05 0.0008382247 -7.679772e-05 0.0004908735
0.0004421465 -0.0001306126 -0.0001334084 0.0008408004 -5.872736e-05 0.0003986669
0.0006766614 -0.0001304341 -0.0001715544 0.0007505274 -8.155435e-05 0.0003771037
0.0004704083 2.306895e-05 -4.513684e-05 0.00079853 -0.0002078074 0.0004479421
0.0004445316 -0.0001007363 -1.343386e-05 0.001034111 -0.0002968288 0.0003757479
0.0004553302 -0.0001448584 -5.111605e-05 0.00099317 -0.0003092718 0.0004806229
0.0004282434 -3.99827e-05 -2.079983e-05 0.001046688 -0.0003929426 0.0006304425
0.0004186472 -1.021929e-05 -0.0001103263 0.0009018343 -0.000320793 0.0005141228
0.0004447686 9.708976e-07 -6.804314e-05 0.0006611793 -0.0002522041 0.000468774
0.0004305074 2.274936e-05 -0.0001320251 0.0006566664 -0.0001884704 0.0004221978
0.0003293618 1.809677e-05 -7.174951e-05 0.000645406 -0.0001493905 0.0003498319
0.0003103618 4.134677e-05 -9.512182e-05 0.0005451966 -0.0001999014 0.0004434563
0.0003969424 0.0001034641 -0.0001214179 0.0005509461 -0.0002056222 0.0003964005
0.0003141427 4.354268e-05 -9.835371e-05 0.000597137 -0.0002211983 0.0004408811
0.0003155682 5.628103e-05 4.030325e-06 0.0006145449 -0.0002170684 0.0005065838
0.0003938894 6.998009e-05 6.111371e-05 0.0005413021 -0.0002528623 0.0005742773
0.0003789251 4.615777e-05 5.209569e-05 0.0005707736 -0.0001432312 0.0004381087
0.0004358738 4.808332e-05 -4.184468e-05 0.0006410808 -0.0002078901 0.0003700669
0.0002677038 -2.317294e-05 5.908831e-06 0.000861457 -0.0002478506 0.0004063963
0.0002938271 4.659583e-05 3.60378e-05 0.001164496 -0.0002582989 0.0003702896
0.0003386321 -3.203464e-05 5.171721e-06 0.0008041114 -0.0001462929 0.0002589144
0.0003212096 -8.763991e-05 -4.171379e-05 0.0006897184 -8.857619e-05 0.0002176261
0.0002516881 -1.627633e-05 -1.757928e-05 0.0008012333 -5.785426e-05 0.0002185591
0.0002609701 -6.169154e-06 -9.573494e-05 0.0009063497 -0.0001185856 0.0002916055
0.0002777679 8.050543e-05 -9.625322e-05 0.0007426603 -9.617451e-05 0.0003162026
0.0002682026 3.143996e-05 -0.0001200659 0.0007766221 -0.0001010898 0.0002707045
0.0003592798 2.675224e-05 -0.0001405665 0.0008356016 -0.0001088154 0.0002842141
0.0004117378 -4.442971e-05 -8.747969e-05 0.0009554465 -0.0001816281 0.0002774151
0.0003987565 -5.688104e-05 -5.167124e-05 0.0007306168 -8.401156e-05 0.0001666939
0.0005153622 -8.682081e-05 -0.0001040542 0.0006181771 -5.289283e-05 0.0002240438
0.0004370912 -0.0001005904 -0.0001083224 0.0007334395 -0.0001344044 0.0002963647
0.000373875 -2.407169e-06 -7.042637e-05 0.0006275763 -0.0001310208 0.0003901395
0.0003178608 -4.920095e-06 -3.465276e-05 0.0006394812 -7.232785e-05 0.0003288537
0.0004547663 -6.435324e-06 -1.441844e-05 0.0007657171 -5.729155e-05 0.0003844309
0.0005974198 5.184389e-05 -7.399051e-05 0.0007485887 -0.0001057769 0.0004188381
0.0004614637 3.764292e-05 -0.0001292594 0.0007971852 -0.0002091057 0.0005270207
0.0004355777 -2.081154e-05 -0.0001731984 0.0007378857 -0.000126866 0.0005863148
0.000419423 -3.352618e-05 -0.0001761157 0.000688674 -0.000103598 0.0005416814
0.0003339396 -4.250816e-05 -0.0001931457 0.0007365225 -0.0001101329 0.0004604307
0.0004023666 1.259797e-05 -0.0001902589 0.0009660918 -0.0001758682 0.0003691403
0.0005211482 -2.941775e-05 -0.0001808113 0.0009484562 -0.00021096 0.0003385592
0.0004782021 -8.396957e-05 -0.0001316653 0.0007895743 -0.0001582495 0.0003764973
0.0005324764 -0.0001066718 -0.0001785414 0.000764279 1.639836e-05 0.0003232934
0.0005354917 -0.0001540023 -0.0001434512 0.0008213611 7.524735e-05 0.0002653274
0.0003710642 -8.316222e-05 -9.262029e-05 0.0007656417 3.280537e-05 0.0002778744
0.0003758425 -4.665418e-05 -8.977237e-05 0.0007934261 8.05709e-06 0.0002922555
0.0003709878 -3.626753e-05 -0.0001711604 0.0008169787 -7.742656e-05 0.0003623119
0.0003595386 4.474074e-05 -0.0001346343 0.0007441047 -7.475609e-05 0.0003657689
0.0003360415 -1.799786e-05 -0.0001159975 0.0007264668 -8.718258e-05 0.0003743986
0.0002669381 -3.568549e-05 -0.0001462394 0.0006569398 -0.000111932 0.0003767524
0.0002884191 -3.783308e-05 -8.873989e-05 0.0006774048 -0.0001419594 0.0003377383
0.0003644751 -2.437348e-05 -5.548443e-05 0.0004766078 -0.0001071407 0.0003753798
0.0002401584 -2.625934e-05 -0.0001067268 0.0005654529 -3.800857e-05 0.0003098186
0.0002306046 -2.354986e-05 -5.121013e-05 0.0008112031 -3.378509e-05 0.0002697139
0.0002474136 4.471564e-05 3.383202e-06 0.0007503201 7.246508e-06 0.0002785677
0.0002014035 -7.327765e-05 -7.138809e-06 0.0006623956 -1.022662e-05 0.0002674549
0.0002056396 -2.435372e-05 -1.755685e-05 0.0005770389 -0.0001212372 0.0002878471
0.0002098439 8.170637e-06 -5.01716e-05 0.0007475975 -0.0001032184 0.0003167985
0.0002164327 -5.814079e-07 -8.869043e-05 0.0007266584 -0.0001720446 0.000346186
0.0003165379 -2.751116e-05 -9.517585e-05 0.0008374531 -7.666103e-05 0.0003791065
0.0003000281 -3.485766e-05 -6.929574e-05 0.0007494105 -0.0001192442 0.0003443333
0.0002554499 -2.39827e-05 -0.0001552927 0.0008279222 -0.0001308189 0.0004110882
0.0002427234 -9.548959e-05 -0.0001552855 0.0007842931 -0.0001041195 0.0004199867
0.0002381541 -4.947476e-05 -9.348595e-05 0.0005673616 -0.0001300504 0.0002841173
0.0002643348 3.191584e-05 -0.0001227125 0.0007559615 -0.0002077643 0.0003201937
0.0002162228 1.191258e-05 -9.461058e-05 0.0006221444 -0.0002300334 0.0003434433
0.0002828158 -3.104039e-05 -0.0001175946 0.0007323955 -0.0001915422 0.0003311148
0.0003086216 4.073916e-05 -0.0001353508 0.0007238582 -0.0002013221 0.0003245698
0.0003290912 -1.819282e-05 -7.676834e-05 0.000617232 -0.0001891886 0.0003628222
0.0004437145 -8.394552e-05 -6.597702e-05 0.0006818993 -0.0002448906 0.0004024255
0.0003827135 -9.801313e-05 -3.124682e-05 0.0006644149 -0.0002036013 0.0004689107
0.0003264272 -3.8422e-05 -8.161036e-05 0.0006722561 -0.0001234849 0.0002914491
0.000359036 1.406757e-05 -0.00012621 0.00087371 -0.0001574804 0.0003534651
0.0002889379 2.341157e-05 -0.0001338974 0.001179749 -0.0002255542 0.0003112039
0.0002565552 -8.699738e-06 -0.0001116622 0.0008208019 -0.0002144562 0.0004092599
0.0003346158 -8.659966e-05 -0.0001587895 0.0009592282 -0.0001358986 0.0004004296
0.0003284731 -5.936612e-05 -0.0001761694 0.000823831 -0.0002357221 0.0005907736
0.0002683412 -8.315132e-05 -0.0001056566 0.001003795 -0.0002977719 0.0006409386
0.0002943685 -2.716899e-05 -0.0001383488 0.0007295244 -0.0002054172 0.0005850598
0.0002069524 -2.802543e-05 -8.697551e-05 0.0007267237 -0.0001897751 0.0006305936
0.0002111026 1.526248e-05 -7.312228e-05 0.0007845754 -0.0002297728 0.0004671044
0.0002149685 -5.287998e-05 -1.563088e-05 0.0006550728 -7.885283e-05 0.0003284093
0.0001859518 -1.493836e-05 -7.841941e-05 0.0007757079 -0.0001172655 0.000329074
0.0001775777 -1.358608e-05 -2.90039e-05 0.0006274514 -4.178044e-05 0.0002910126
0.000192746 -3.636911e-05 -5.759169e-05 0.000868229 -3.883042e-05 0.0002733503
0.0001896943 -2.976769e-05 -5.296518e-05 0.0009014359 -4.948257e-06 0.0002840434
0.0001814261 -1.359188e-05 -1.498724e-05 0.0008883933 6.37106e-05 0.0002403816
0.0002608446 -2.211128e-05 -1.529003e-05 0.0009187004 4.417233e-05 0.0002398581
0.0003171607 2.847505e-06 -1.387e-05 0.0008679301 5.798637e-06 0.0003154291
0.0003005529 -5.865444e-05 -1.456965e-05 0.0006098371 -6.378378e-06 0.000323958
0.0002724638 -4.967927e-05 -6.945587e-06 0.000779357 -4.730403e-05 0.00029766
0.0003465025 -1.135373e-07 5.408456e-05 0.0005947693 -3.661701e-05 0.0002958868
0.0005324024 -6.39535e-05 8.142548e-05 0.0005745371 -9.712735e-05 0.000277545
0.0004141784 -0.0001666623 4.901612e-05 0.0007195895 -3.974416e-05 0.0003057736
0.0002964897 -0.0001437149 1.000718e-05 0.0008968815 -7.770687e-05 0.0003191727
0.0002588903 -0.0001154095 -1.203782e-05 0.0006905801 -0.000145142 0.0002345647
0.000245609 -4.84672e-05 -2.860911e-05 0.0005410483 -0.0001359897 0.0003154787
0.0002662181 -1.76234e-05 -3.808095e-05 0.0006103048 -0.000145988 0.0003279713
0.0003149069 -3.150241e-05 -0.0001237279 0.0006197031 -0.0002085561 0.0003689433
0.0002772825 -1.555049e-05 -0.0001018953 0.0008324911 -0.0002998313 0.0004378219
0.0003455427 -0.0001100305 -0.0001411326 0.000875983 -0.0001877546 0.0004046688
0.0003427099 5.606673e-05 -0.000182223 0.001006308 -0.0002069872 0.000375
0.0002561745 2.926986e-05 -7.648457e-05 0.00072593 -0.0001625036 0.0003064556
0.0002671399 6.443635e-05 -5.343117e-05 0.0008332445 -0.0002393476 0.000317025
0.0002441223 9.676102e-05 -5.61457e-05 0.0008109174 -0.0002684556 0.0003491066
0.0002746624 8.27456e-05 -5.606553e-05 0.0007799936 -0.0002201898 0.0003238648
0.0002220928 4.856882e-05 -3.813658e-05 0.0006937782 -0.0001673303 0.0002594424
0.0002043849 4.051995e-05 -7.837949e-06 0.0008383406 -0.0001862272 0.0002615947
0.000172475 2.112545e-05 1.075827e-05 0.0009198064 -0.0001805958 0.0003178557
0.0002253985 -1.453706e-05 3.774055e-06 0.001058584 -0.0001219527 0.0002685621
0.0002721177 -0.0001149576 3.279586e-05 0.001038498 -0.0001201386 0.000274391
0.0002639386 -0.0002093138 1.71492e-05 0.001201142 -0.0002031194 0.0002756955
0.0002649533 -0.0001105891 4.914386e-05 0.00110218 -0.0001986507 0.0002825955
0.0002280743 -4.611379e-06 2.261639e-05 0.001035063 -0.0002170809 0.0003449343
0.0001970454 -6.9956e-05 4.440273e-05 0.0008726922 -0.0002816994 0.0004410134
0.0002510157 -0.000106174 7.234293e-07 0.0007387754 -0.0002187109 0.0003802008
0.0002937221 -0.0001305641 -3.733961e-05 0.0008230052 -0.000232466 0.000431134
0.000289377 -6.088095e-05 -6.289385e-06 0.0009091905 -0.0003259921 0.0005240857
0.000401822 -5.755914e-05 4.101879e-05 0.0007526681 -0.0003326552 0.0005092948
0.0003687707 -6.115074e-05 -5.303511e-05 0.0007781444 -0.0002828067 0.0005216039
0.0003301786 2.509466e-06 1.315056e-06 0.0006964856 -0.000262366 0.0006212989
0.0003786663 -5.202489e-05 -5.964621e-06 0.0008605186 -0.0003104895 0.0005108119
0.00051794 -7.585462e-05 -6.049351e-05 0.0008734023 -0.0002716756 0.000472379
0.0003821858 -1.903071e-05 -6.91114e-05 0.0008193775 -0.0002295216 0.0004813703
0.000407422 -1.082367e-05 -8.284297e-05 0.0006875572 -0.0001792576 0.0005841407
0.0004744587 4.364532e-05 -0.0001203579 0.0007990395 -0.0002603913 0.0005076622
0.0003646058 -9.728742e-06 -0.0001307131 0.001016781 -0.0003291224 0.0005252386
0.0003370979 -7.651373e-05 -8.403564e-05 0.001093649 -0.0002691349 0.0005255442
0.0004135092 -8.289144e-05 -5.822811e-05 0.0008527598 -0.0001447672 0.0004498701
0.0003615493 -3.776297e-05 -0.0001898351 0.0007349089 -0.0001602078 0.0005967767
0.0003897556 -2.828501e-05 -0.0001086626 0.0008273451 -0.0001267972 0.0004791811
0.0003500378 -7.72403e-05 -7.768733e-05 0.0007913934 -0.000132987 0.0004349277
0.000399672 -7.821789e-05 -0.0001264703 0.0007344493 -0.000140035 0.000461657
0.0003809537 -0.0001386127 -9.311855e-05 0.000666358 -0.0001569598 0.0004073818
0.0004365505 -0.0001142206 -0.0001218352 0.0006162177 -6.546991e-05 0.0004067386
0.0003499042 -2.326499e-05 -0.0001004866 0.0004546265 -8.083793e-05 0.0004687434
0.0003551055 -0.0001099656 -0.0001078239 0.0004738768 -6.963187e-05 0.0005452566
0.0003446399 -7.746477e-05 -0.0001278599 0.0006450877 -5.529227e-05 0.0005731863
0.0002803861 -8.856221e-05 -4.925094e-05 0.0006608868 -9.825491e-05 0.0005247266
0.0002742053 -1.661933e-06 -0.0001175122 0.0007924498 -9.488287e-05 0.0003522738
0.0002886082 0.0001535832 -0.0001510934 0.0008137474 -0.0001138025 0.0003108708
0.0003330023 0.0001595589 -0.0001697481 0.0008976025 -0.0001071806 0.0003681748
0.0003691192 6.990276e-05 -0.0002093461 0.0007739461 -0.0002013629 0.0004230968
0.000463493 8.976857e-05 -0.0002023159 0.0007276375 -0.0002503477 0.0004240222
0.0004152185 4.247935e-05 -0.0001554261 0.0006818292 -0.0002223298 0.0003997
0.0004846676 0.000102637 -0.0001086471 0.0007143806 -0.0002306369 0.0004461451
0.0003315951 9.736243e-05 -0.0001029268 0.0008042767 -0.000252324 0.000454496
0.0003739541 4.651031e-05 -0.0001265732 0.0007715865 -0.0001701766 0.0004056026
0.0002744582 -8.827721e-06 -0.0001258148 0.0006867007 -7.411874e-05 0.0003903733
0.0002827662 5.33448e-05 -0.0001205238 0.0006930598 -0.0001738719 0.0004490377
0.0002234362 -4.328526e-05 -9.764206e-05 0.0008813106 -0.0001008944 0.0004910535
0.0002201994 -5.160009e-05 -3.847375e-05 0.0008719951 -0.0001264156 0.0005056716
0.0003595188 -2.115194e-05 -8.448612e-05 0.0008349395 -0.0001600309 0.0006095125
0.0003298233 7.55582e-05 -6.941701e-05 0.0006774207 -0.0001363822 0.0005261421
0.0002628871 3.448918e-05 -7.545647e-05 0.0006229028 -4.360358e-05 0.0003732384
0.0002199422 2.905734e-05 -3.973755e-05 0.0007075924 -6.384249e-05 0.0003251764
0.0002372724 -6.773629e-05 -1.230022e-05 0.0007112649 -8.510199e-05 0.0002967242
0.0002557479 -8.722949e-06 6.146358e-05 0.0007244806 -9.429025e-05 0.0003137011
0.0002674996 -6.377123e-05 -7.466461e-07 0.0006639125 -8.838545e-05 0.0003034768
0.0002490455 -5.461126e-05 -4.013259e-05 0.0006786801 -9.473392e-05 0.000289094
0.0002768336 -3.082013e-05 1.835132e-05 0.00084193 -0.0001265218 0.0002621876
0.0002917949 6.075876e-05 2.184092e-05 0.0007602178 -0.0001288769 0.0002347876
0.0003487678 -5.19147e-05 3.711344e-05 0.0008576112 -0.0002674513 0.0003187128
0.0003958446 -7.539911e-05 1.046292e-05 0.000738786 -0.000202142 0.0002774036
0.0004102844 -0.0001288085 6.12149e-05 0.000645056 -9.987877e-05 0.0002269973
0.0004553393 -0.0001189348 6.204663e-07 0.0007815304 -0.0001392963 0.0003293391
0.0005449831 -9.587769e-05 -6.368589e-05 0.0007566435 1.530194e-06 0.000300825
0.0005547203 -7.243239e-05 -0.0001320612 0.0005395632 -3.513942e-05 0.0003868512
0.0004981831 -2.797675e-05 -6.357858e-05 0.0006920898 -0.0001425156 0.0003744328
0.0004658081 7.534606e-06 -1.545849e-05 0.0004784757 -0.0001292076 0.0003645297
0.0004128978 5.16271e-05 -5.899245e-05 0.0004328067 -0.0001189916 0.0003564841
0.0003245891 5.337115e-05 -6.409751e-05 0.0007240999 -0.0001687182 0.0004410779
0.0003013719 1.857175e-05 -6.911996e-05 0.0006125524 -8.2961e-05 0.0004032425
0.0004190143 -6.092558e-05 -0.0001205709 0.0006114395 -0.0001069772 0.0004638453
0.0003880915 -3.963841e-05 -0.0001108879 0.0005098444 -0.0001751309 0.0004169617
0.0003144269 7.379077e-06 -0.0001095101 0.0006102317 -0.0001898799 0.0004671032
0.0003281292 -8.304287e-06 -0.0001212497 0.0006841274 -0.000190681 0.0004702914
0.0003594615 -4.923247e-05 -8.398522e-05 0.0007190324 -0.0001403625 0.0003634142
0.0003586777 -0.0001163097 -9.266106e-05 0.000560865 -5.519799e-05 0.0002697251
0.0002442591 -3.932116e-05 -4.327116e-05 0.0006222869 -0.0001266148 0.0002520046
0.0002700403 -4.131646e-05 -9.118961e-07 0.0005471408 -0.000113646 0.0002799177
0.0003838692 -0.0001214771 1.974153e-05 0.0005289151 -0.0001387807 0.0004863176
0.0003763658 -0.0001609857 9.222581e-05 0.000550166 -0.0001381777 0.0004646456
0.000485647 -8.54451e-05 8.718532e-05 0.0005554858 -0.0001420718 0.0004267956
0.0004734127 -0.0001675087 3.437898e-05 0.0007249641 -0.0001381245 0.0002590682
0.000563407 -0.0001557077 -3.440215e-06 0.0007924848 -0.0001691795 0.0002156235
0.0005123322 -9.679775e-05 -1.936188e-05 0.0008563308 -0.0002416908 0.00032708
0.0004760423 4.876794e-05 -1.561601e-05 0.000910868 -0.0002524709 0.0003126517
0.0004537642 -5.033237e-06 -3.104962e-05 0.001231661 -0.0003835145 0.0003963362
0.0004203441 8.235636e-05 -0.0001204077 0.001087075 -0.0002898346 0.0004549899
0.0004182921 6.404213e-05 -4.284574e-05 0.001070792 -0.0002365657 0.0003112401
0.0004795329 2.849133e-05 -2.546274e-05 0.0008187455 -0.0002073199 0.0003147204
0.0004778891 -1.399473e-05 -9.21226e-06 0.0009021493 -0.000243555 0.0002950372
0.0005278429 -1.55379e-05 -1.977546e-06 0.0008945732 -0.0002828873 0.0002604643
0.0004261443 -1.808075e-05 -7.020964e-05 0.001211534 -0.0002477002 0.0002503504
0.0003756722 6.663847e-05 -5.281833e-05 0.0009905071 -0.000201168 0.0003351305
0.0005182039 3.202416e-05 -4.136981e-05 0.0006074399 -6.150176e-05 0.0002577134
0.0004731361 -5.977021e-05 -9.573732e-05 0.0005433363 -2.798101e-05 0.0003461542
0.0005510904 -2.611363e-05 -0.0001588844 0.0006189457 -0.0001279264 0.000483956
0.0005622645 -9.853011e-05 -9.089518e-05 0.0006621223 -0.0001480872 0.0005981302
0.0004160874 -0.0001014973 -9.086047e-05 0.0008155936 -9.591285e-05 0.0005315987
0.0005713066 -0.000137534 -0.0001659902 0.0007928549 -7.235411e-05 0.0003792521
0.0005905009 -0.0001614638 -8.166698e-05 0.0008547434 -0.000140383 0.000378494
0.0005774089 -0.0002439532 -0.0001405077 0.0007794706 -7.971038e-05 0.0005301257
0.0004493782 -0.0002069921 -9.369488e-05 0.0007662626 -4.605891e-05 0.0004307564
0.000437543 -0.0002532072 3.343767e-05 0.0009938232 -4.377571e-05 0.0003294714
0.0003611526 -0.0002167614 -2.284357e-05 0.0008521448 -6.90726e-05 0.0002921361
0.0003702105 -0.0002830119 -6.452467e-05 0.001025614 -0.0001565007 0.0003405423
0.0004026612 -0.0002138721 -0.0001081643 0.000947779 -0.0001442722 0.0002704101
0.0005283252 -0.0002499266 -0.0001798046 0.0007527029 -6.221241e-05 0.0002787731
0.0005141533 -0.0002549901 -0.0001443823 0.0007540473 -4.819712e-05 0.0003149079
0.0004564382 -0.000242115 -0.000159233 0.0009404056 -8.171024e-05 0.0003960596
0.0004202981 -0.0001283822 -0.0001594947 0.0008679395 -0.0001808411 0.0004619966
0.0003843642 -0.000129026 -9.747838e-05 0.0008855402 -0.0002346504 0.0003787839
0.0004604186 -9.850003e-05 -9.250154e-05 0.0007917092 -0.0002279164 0.0003685367
0.0005266749 -0.0002021792 -0.0001175917 0.0006207733 -0.000130544 0.0003896354
0.000391306 -0.0001792724 -5.847788e-05 0.0008130883 -0.0001857949 0.0003985868
0.0003519337 -0.0001651276 -1.474297e-05 0.0008861586 -0.0002112863 0.0003440168
0.000396936 -0.0001164433 2.146315e-05 0.0009052262 -0.0002321743 0.0002931921
0.0004059516 -0.000170221 1.224972e-05 0.0009374479 -0.0003577488 0.0003768439
0.0004521749 -0.0001908315 5.840699e-05 0.001022661 -0.0004150525 0.000468155
0.0005486844 -0.0001614773 9.676446e-05 0.0007249753 -0.0003112049 0.0004233771
0.0006330336 -8.189398e-05 0.0001124756 0.0006440942 -0.0002185665 0.0003831769
0.0005463632 -3.493638e-05 4.486334e-05 0.0008120398 -0.0002501292 0.000373286
0.0005635479 -7.572576e-05 4.048863e-05 0.0007024712 -0.0001946277 0.0003306234
0.0004793067 -2.166224e-05 -1.552043e-05 0.0006254264 -0.0001193663 0.0002814008
0.0004284965 5.867226e-05 -3.330581e-05 0.0006728767 -0.0001361969 0.0002327334
0.0003460688 1.562617e-06 -4.043991e-05 0.0006034734 -0.0001106509 0.0002694653
0.0003810136 -4.575233e-05 -3.831416e-05 0.0006959842 -0.0001520456 0.0002766949
0.0003784147 -7.475635e-05 -0.0001148895 0.0006982897 -0.0001171526 0.000300664
0.0003504272 3.10554e-05 -0.0001877917 0.0005741845 -0.0001336548 0.0003863859
0.0003601769 0.0001024807 -0.0001335408 0.0006590087 -0.0001052894 0.0003467491
0.0004011336 0.0001075418 -0.0001549744 0.0006408415 -0.0002040709 0.0004702973
0.000310939 2.170291e-05 -6.131773e-05 0.0007274229 -0.0002318738 0.0005027383
0.0003676901 0.0001164012 -0.000112768 0.0006856902 -0.0003027457 0.0006074702
0.0003448923 -1.913142e-07 -2.608847e-05 0.0008098171 -0.0003749815 0.0006154331
0.0003104699 -8.83698e-05 9.551891e-06 0.0007339551 -0.0002578656 0.0005826278
0.0003505623 -3.908053e-05 -1.577474e-06 0.0006942038 -0.0001217607 0.0006381096
0.0004200842 -0.0001413561 2.035974e-05 0.0008676318 -0.0002561429 0.0006817086
0.0003358424 -0.0001111678 -1.262918e-05 0.0006972131 -0.0001512702 0.0005715106
0.0003823964 -9.764417e-05 2.665213e-05 0.0007087193 -0.000271635 0.00063888
0.0004005827 -3.97831e-05 -4.114716e-05 0.0007556428 -0.0001877601 0.000550057
0.0003928716 -4.638226e-05 1.457408e-05 0.0007717238 -0.000343173 0.0004849139
0.0003745436 -3.807348e-05 -3.999364e-05 0.0007618149 -0.0002385387 0.0003897993
0.0003921411 -0.0001105654 -7.327936e-06 0.001103049 -0.0004279723 0.0004327095
0.0003205629 -8.991802e-05 6.160166e-06 0.001211777 -0.0004038193 0.000480715
0.0002881134 -0.000177482 -5.155994e-05 0.001094705 -0.0002875715 0.0004380635
0.0002553757 -0.0001854459 7.236954e-06 0.001630288 -0.000493045 0.0005836376
0.0002597771 -6.33936e-05 -4.991732e-05 0.001330679 -0.0003462923 0.0005242672
0.0002500864 -1.311623e-05 -7.321729e-05 0.001070585 -0.0003155707 0.0005169099
0.0002587798 -6.072966e-05 -0.0001097583 0.001209796 -0.0004836234 0.0006793186
0.0002757929 -5.287083e-05 -0.0001408656 0.001220478 -0.0004002716 0.0005629323
0.0002668281 9.141153e-06 -0.0001140868 0.001149028 -0.000270768 0.000482817
0.0002723592 7.156403e-05 -0.0001644616 0.0006936212 -0.0002083014 0.0005044778
0.000370245 6.630538e-05 -0.0001908414 0.0006742315 -0.0001700429 0.000693205
0.0004280617 0.0001071829 -0.0003279119 0.000768205 -0.0003007786 0.0009501064
0.0004316233 0.0001342425 -0.0002911419 0.0009149238 -0.0002221791 0.0007948722
0.000409405 2.97753e-05 -0.0002266918 0.001094796 -0.0002402345 0.0006390733
0.0004781569 -5.783957e-05 -0.0002462599 0.0008252176 -0.0002563513 0.0006701544
0.0003845242 -0.000153233 -0.0002008977 0.001254505 -0.0003241906 0.0006568874
0.0004391882 -0.0002412619 -9.716725e-05 0.00136813 -0.000441926 0.0007322646
0.0003705994 -8.510142e-05 -0.0001275267 0.001545176 -0.0004661391 0.000867768
0.0004193661 8.549976e-05 -0.0001941693 0.001200153 -0.0002238063 0.0005017923
0.0004298653 3.089274e-05 -0.0002611424 0.001479367 -0.0002472696 0.0006669952
0.0004282421 -2.28422e-05 -0.0001790751 0.001327431 -9.634343e-05 0.00062029
0.0002519249 -3.068163e-05 -5.854151e-05 0.001090446 -0.0001252515 0.0004425925
0.0002294559 -8.901745e-05 -7.21567e-06 0.0007650528 -0.000165157 0.0003963448
0.0003317677 -0.000128738 0.000119416 0.0006602322 -0.0001885021 0.0004867983
0.0004377528 -0.0001277373 7.890203e-05 0.000579633 -0.0001929244 0.0006169516
0.0005011519 -0.0001590164 -1.172468e-05 0.0006637187 -0.0002783499 0.0006550539
0.00046673 -0.000125932 -8.983322e-05 0.0007268333 -8.479317e-05 0.0004186717
0.0004330311 -0.0001115786 -5.424227e-05 0.0006913596 -2.708458e-05 0.0003917461
0.0003801367 -5.076837e-05 -5.138386e-05 0.0006084051 -7.027162e-05 0.0004166531
0.0004086995 -9.902004e-05 -5.839759e-05 0.0006772716 -0.0001712197 0.0004460873
0.0005283787 2.31069e-05 -0.0001323702 0.0006266828 -0.0001879019 0.0004705485
0.0003765458 2.679861e-06 -9.85088e-05 0.0006061302 -0.0001493118 0.0004699289
0.0002630121 -3.741666e-06 -5.033612e-05 0.0009338322 -0.0002898598 0.0004526787
0.0002971112 -0.0001102416 -9.602384e-06 0.001013378 -0.0001566838 0.0003894767
0.0002537668 -6.572366e-05 3.714839e-05 0.0007549845 -0.0001356187 0.0003841294
0.0002316483 -3.369889e-05 4.827896e-05 0.0008604628 -0.0001390178 0.0004052766
0.0002757776 -4.260646e-05 5.863527e-05 0.0006938264 -0.0001507305 0.0004397872
0.0003687487 -3.216846e-05 3.246837e-06 0.0007915022 -0.0002796235 0.0004391225
0.0004083737 3.447403e-05 1.410926e-07 0.0008052661 -0.0002805521 0.0003823742
0.0004561488 -5.085215e-05 7.36553e-05 0.001058375 -0.0003578989 0.0004260915
0.0005093899 5.44311e-05 1.173213e-05 0.001133262 -0.0003454212 0.0003085761
0.0005133004 -1.086951e-05 8.276952e-05 0.001029295 -0.0003442387 0.0002792635
0.0003961763 -1.32483e-05 3.550398e-05 0.001041671 -0.0002411594 0.0002162785
0.0003198407 0.0001074968 -1.791671e-05 0.001313862 -0.0004066783 0.0002936946
0.000348853 9.212013e-05 -4.146535e-05 0.001270483 -0.0003223408 0.0002561745
0.0004041083 -4.090093e-06 -3.470908e-05 0.001299038 -0.0004038078 0.000329564
0.0003682605 -2.150746e-05 -2.063456e-05 0.001130055 -0.0002554015 0.0002159985
0.0003482841 -0.0001475181 7.30895e-05 0.0010357 -0.0002515286 0.0002484805
0.0003202663 -0.0001478956 3.184475e-05 0.0008839272 -0.0002549255 0.000320518
0.0002708078 -0.0001109028 -4.103271e-06 0.001062124 -0.0002888595 0.0003752377
0.0003836624 -0.0001400456 4.418065e-05 0.001063126 -0.0003008943 0.0003367408
0.0003619055 2.999389e-06 -3.604138e-05 0.001158682 -0.0003212954 0.0004107682
0.0004407981 7.281609e-05 -7.959451e-05 0.001235146 -0.0002447652 0.0003572655
0.000447932 0.000145729 -5.581216e-05 0.001112116 -0.0002555437 0.0004471326
0.0003429902 3.396566e-05 -2.875991e-05 0.001013447 -7.351204e-05 0.000313105
0.0004759164 -5.514482e-05 -0.0001348192 0.0008480557 -5.396612e-05 0.0003403718
0.0003793795 -4.593302e-05 -5.707131e-05 0.0007942594 -4.958923e-05 0.0003039053
0.0003522226 -2.752733e-05 -3.999021e-05 0.0006893842 -0.0001100953 0.0004016182
0.0003423783 6.407466e-05 -0.0001173507 0.0006831737 -0.0001934367 0.00045759
0.0003761934 0.000116565 -0.0001066438 0.0006819327 -0.0001674717 0.000444374
0.0003776437 7.789214e-05 -0.000154759 0.0006048709 -0.0001396265 0.000499539
0.0004522426 7.112875e-05 -0.0002228239 0.0006144997 -9.606536e-05 0.0005205086
0.0003563058 -1.296286e-05 -0.0001487168 0.0006816602 -0.0001239704 0.0004489163
0.0004140658 -0.0001188962 -0.0001709226 0.0007927607 -5.475522e-05 0.0004064597
0.0004390169 -0.0001429505 -0.0002105936 0.000999286 -3.105582e-05 0.0003865501
0.0006508402 -0.00024681 -0.0003339289 0.0008502554 5.269263e-05 0.000446399
0.0007365386 -0.0002481689 -0.0003018223 0.0007996954 3.446511e-05 0.0003733655
0.0005386237 -5.046597e-05 -0.0003067446 0.000765059 -8.565113e-05 0.0005078172
0.0004608771 -7.347774e-05 -0.0001836722 0.000988072 -0.0001317165 0.0003651584
0.0003804588 -9.101577e-05 -0.0001732719 0.0009198172 -0.0002003575 0.000343785
0.0003643275 -0.0001542979 -0.0001322277 0.0007831682 -6.906704e-05 0.0003183972
0.0004265176 -4.313946e-05 -0.0002183836 0.000716109 -8.886034e-05 0.0004469191
0.0005033867 -7.446194e-06 -0.0002353479 0.0009215045 -9.244001e-05 0.0003824055
0.0005581961 4.493132e-05 -0.0002827765 0.0007608884 -6.314168e-05 0.0003698236
0.0004926809 6.189695e-05 -0.0002010667 0.0008057487 -4.524853e-05 0.0003049767
0.0005635054 -4.128988e-05 -0.0002642123 0.0008117205 2.0059e-05 0.0003749835
0.0005157812 -0.0001041111 -0.000176081 0.0006488712 -4.892109e-07 0.0002827549
0.0003742948 -4.200403e-05 -9.042566e-05 0.0006159136 -8.597544e-05 0.0002946317
0.0004111373 -0.0001696529 -2.805933e-05 0.0006510941 -7.080486e-05 0.0002427579
0.000321824 -0.0001281328 -5.499905e-05 0.000655069 -1.001681e-05 0.0001975365
0.0003123424 -0.0001215424 -7.190873e-05 0.000687871 -3.092758e-05 0.0001672411
0.0003719141 -7.075717e-05 -0.00011845 0.000474501 -7.833272e-05 0.0002029049
0.0003534949 -7.41472e-05 -0.0001360282 0.0006159072 -0.0001605025 0.000281308
0.0004294798 -0.000116891 -3.082833e-05 0.0006158433 -0.0001676253 0.0002484357
0.0004981277 -0.0001670746 -9.53401e-06 0.0005917192 -5.522031e-05 0.0002592149
0.0004000816 -0.00013665 5.313706e-05 0.000663954 7.307307e-07 0.0002552452
0.0004278756 -2.537671e-05 5.442538e-05 0.0006526638 4.18198e-06 0.000257031
0.000469991 1.656737e-05 6.892594e-06 0.0007200092 -9.933295e-05 0.0002362409
0.0003406866 8.039421e-06 -2.821399e-05 0.0007140087 -0.0001686209 0.0002614394
0.0003307789 8.893929e-05 -6.040273e-05 0.0007139303 -0.0002196261 0.0002924904
0.0003756376 0.000120217 -8.404509e-05 0.0009151706 -0.0002505577 0.0002769034
0.0004179592 5.672682e-05 -5.207396e-05 0.0008453393 -0.0001008743 0.000243395
0.0005157684 8.601038e-05 -1.419816e-05 0.001030317 -5.221362e-05 0.0001812324
0.0004456868 0.0001109768 -8.419041e-05 0.001263237 1.529921e-05 0.0002628714
0.0005039893 3.704407e-06 -0.0001735387 0.001142768 2.018611e-05 0.0003514336
0.0004754496 0.0001476122 -0.0001514247 0.001103289 -4.899456e-05 0.0003405786
0.0006227212 0.0002070268 -0.0001939781 0.001075074 -0.0002022445 0.0003390156
0.000636906 0.0002816339 -0.0002146011 0.000871355 -0.000268508 0.0003884668
0.0006004133 0.0003238487 -0.0002595502 0.001056728 -0.0002738656 0.0003958055
0.0004464233 0.0002154584 -0.0001917938 0.00115404 -0.0003487769 0.0004494438
0.0005069839 0.0002924965 -0.0001400065 0.001181772 -0.0004032346 0.0003714431
0.0005505323 0.0002801349 -0.0001109781 0.001072848 -0.000269311 0.0002873651
0.0005431587 0.0002109533 -0.0001886121 0.00110262 -0.0002845355 0.000366289
0.0005263436 0.0001967636 -0.0001317548 0.001062551 -0.0002578754 0.000387153
0.000456693 0.0003258471 -9.728095e-05 0.001303427 -0.000172222 0.0003109152
0.0004189917 0.0002201937 -7.474793e-05 0.001105968 -0.0001994588 0.0003553951
0.0004116876 0.000200273 -9.915031e-05 0.001224725 -0.000263618 0.000359365
0.0004344992 0.0002130126 -0.000219726 0.001117644 -0.0002540423 0.0004443885
0.0004535896 0.0002320749 -0.000186021 0.0009323834 -0.0001975853 0.0004399629
0.0004779009 0.0001457111 -0.0002037771 0.000947019 -0.0001467614 0.0006059078
0.0005037473 0.0001735562 -0.0001927251 0.000707866 -0.0001431106 0.0004266217
0.0004699269 0.0001340828 -0.0001829051 0.0008175989 -8.645721e-05 0.000313305
0.0005308955 0.0002140473 -0.0002409992 0.0007133085 -0.0001977496 0.0004543516
0.0005164436 7.805324e-05 -0.0002322364 0.0007856465 -0.0001957636 0.0004594126
0.0004443189 0.0001187964 -0.000262917 0.000821714 -0.0001365148 0.0004975683
0.0004271371 8.650975e-05 -0.0002451124 0.0006379422 -3.462895e-05 0.0005197462
0.0002891804 4.595078e-05 -0.0001733983 0.0007285737 -0.0001115974 0.0003984073
0.0003350319 0.0001797141 -0.0002080098 0.0007404764 -0.0001851767 0.0003698911
0.0003770738 0.0001703069 -0.0002054875 0.0007892855 -0.0001106158 0.0003946784
0.0004350426 0.0001432862 -0.0001997035 0.0006269562 -0.0001197754 0.0004524545
0.000406535 9.193726e-06 -0.0001197191 0.0006788927 -0.0001211607 0.0004229194
0.0003870075 1.849811e-06 -0.0001506608 0.0005552056 -0.0001313563 0.0004525437
0.0004351307 4.974368e-05 -0.0002596042 0.0006258125 -0.0001497492 0.0004978406
0.000308038 1.738754e-05 -0.0001226083 0.0008334309 -0.0002734582 0.0005111453
0.0002897087 7.831053e-05 -8.116347e-05 0.0009925541 -0.0003022238 0.0004168745
0.000270671 4.6605e-06 -4.680405e-05 0.0008524289 -0.0002976209 0.0004057807
0.0002601141 0.0001023095 -4.410504e-05 0.0007508607 -0.0002812771 0.0003969201
0.0002873863 1.251949e-05 -4.718652e-05 0.0007128344 -0.0002549106 0.0003729943
0.0002937113 1.918126e-05 -9.995425e-05 0.0008054911 -0.0002920337 0.0004567417
0.0003767119 8.526591e-05 -8.915889e-05 0.0008600394 -0.0002762772 0.0003704537
0.0003828592 5.290886e-05 -5.831249e-05 0.0008891603 -0.0002481326 0.0003571282
0.0003826975 5.455563e-05 -6.36136e-05 0.0008684349 -0.0001842201 0.0002604005
0.0005078245 0.0001325064 -0.0001555955 0.0009680435 -0.0002443042 0.0002696369
0.0004809759 0.0001249452 -0.0001376458 0.000938143 -0.0001309638 0.000245142
0.0004114795 0.0001950881 -9.903786e-05 0.0009204125 -8.594626e-06 0.0001998935
0.0003814914 4.078528e-05 -7.14557e-05 0.0007878219 -5.610706e-06 0.0001876095
0.0003290686 7.424453e-05 -5.189397e-05 0.0008588905 -0.0001040709 0.0001949086
0.0003270564 0.0001532452 -3.230658e-05 0.0006753982 -0.0001021712 0.0002828113
0.0003871418 8.516147e-05 -7.632631e-05 0.0007255413 -0.0001373791 0.0003122157
0.0004092746 -9.02463e-06 -0.0001128171 0.0007715633 -0.0001361917 0.000369256
0.0003806 -3.370652e-05 -6.44853e-05 0.001098457 -0.0002036644 0.0003650477
0.0003568558 -6.664112e-05 -7.208903e-05 0.0009949588 -0.0002237744 0.0003764571
0.0003396904 -0.0001266915 -3.09412e-05 0.00082258 -0.0001555175 0.0002721241
0.0004019622 -7.258961e-05 -9.955309e-05 0.0007162023 -0.0001499377 0.0003060324
0.0004082011 -5.016103e-05 -5.094289e-05 0.0006586965 -0.0001746929 0.0002791669
0.0003915246 -7.173093e-05 -6.665271e-05 0.0009976251 -0.0001777803 0.0003584153
0.0003977265 9.437696e-05 -9.958494e-05 0.001027727 -0.0002399979 0.0003664895
0.0004265226 7.347322e-05 -7.406501e-05 0.001051276 -0.0002934464 0.00029389
0.0003746359 4.749339e-05 -2.72056e-05 0.001027952 -0.000199655 0.00034649
0.0005426287 6.313272e-05 4.881479e-05 0.0008061135 -0.0001119158 0.000310605
0.0004615173 4.385079e-05 -6.208006e-06 0.0007950665 -7.067762e-05 0.0003069289
0.0004560413 3.954579e-05 -2.387908e-05 0.0008568668 -0.0001852932 0.0003915862
0.0004333697 9.727313e-05 -3.897336e-05 0.0009619527 -0.000213215 0.000362604
0.0004681102 7.682739e-05 -6.059983e-05 0.0008761177 -0.0001438277 0.0003600711
0.0003894396 8.007594e-05 1.693934e-05 0.0009587792 -0.000282774 0.0004657856
0.0003417729 5.080983e-05 1.741031e-05 0.001216283 -0.000272789 0.00042797
0.0003080948 -4.616229e-06 4.302837e-05 0.001302323 -0.0002244591 0.0003123007
0.0003411866 -7.833341e-05 0.0001118161 0.00121312 -0.0003827549 0.000391354
0.0004021725 -0.0001237341 4.723754e-05 0.001480401 -0.0003105803 0.0003323441
0.0004017984 -0.0001737383 5.955167e-05 0.001532444 -0.000319879 0.0003707498
0.0003944435 -0.0002690898 0.0001028234 0.001278907 -0.0002821819 0.0003445109
0.0004211715 -0.0001978186 0.0001460972 0.0008365776 -0.0001821724 0.0003513681
0.000500606 -0.0002019554 0.0001354909 0.0009403029 -0.0002420364 0.0003323646
0.0004602831 -0.0002108542 0.0001229867 0.0009040627 -0.0002127122 0.0004686907
0.0004511615 -0.0001812553 0.000104346 0.0007903927 -0.0001869577 0.0004169748
0.0004266165 -6.612745e-05 5.542819e-05 0.0008527236 -0.0001811012 0.0004584488
0.0003755181 -9.43857e-05 5.126723e-05 0.001048062 -0.0003194526 0.0005053627
0.0002933653 -8.817276e-05 2.344316e-05 0.001180269 -0.0004876863 0.000619369
0.0003109209 5.324343e-05 -4.340349e-05 0.001299012 -0.0003581234 0.0005094982
0.000313669 3.460155e-05 -0.000114544 0.001301217 -0.0003996259 0.0005493563
0.0002432968 -4.077639e-05 -6.559074e-05 0.001016898 -0.0002670909 0.0004162746
0.000258517 -8.883141e-05 -3.349848e-05 0.00143336 -0.0003712131 0.0003903267
0.0003030201 -1.849324e-05 -2.706566e-05 0.001218207 -0.0003472195 0.0003689388
0.0003198353 2.94786e-05 -6.247288e-05 0.0008913357 -0.0002639928 0.0004535908
0.0004199313 0.000134887 -0.0001348303 0.0009840504 -0.0002139981 0.0004835929
0.0003185589 0.0001481593 -0.0001160244 0.0009886001 -0.0001926331 0.0004702328
0.0003879365 0.0001784049 -0.0001518184 0.00112515 -0.0002559101 0.0005398115
0.0003647458 0.0001355758 -0.0001518328 0.001089882 -0.0003864607 0.0004450831
0.0003074804 2.859642e-06 -0.0001105219 0.001221162 -0.0004720656 0.0005570594
0.0002953848 -1.64485e-05 -7.108501e-05 0.001116227 -0.0004351365 0.0004406202
0.0005327917 -4.216203e-05 -8.755186e-05 0.00144041 -0.0005184904 0.0004135028
0.0005292419 -0.0001238007 4.576777e-06 0.00134418 -0.0004810912 0.0003974831
0.00043481 -7.415328e-05 -2.056916e-05 0.001175739 -0.0003953759 0.0004606073
0.0003881923 -0.0001062219 1.268932e-05 0.001284378 -0.0004443851 0.0005596358
0.0003590503 -2.559769e-05 4.456764e-06 0.001225454 -0.0003626241 0.0005307444
0.0003137878 -0.0001292003 3.099553e-06 0.001291135 -0.0002453498 0.0004614931
0.0002119777 -3.852395e-05 -3.533587e-05 0.001221213 -0.0004031213 0.0006229397
0.0002248917 -8.658342e-06 -4.236304e-05 0.001264897 -0.0003655729 0.0005883497
0.0002485731 -7.625835e-05 2.588807e-05 0.0008795394 -0.0002041637 0.0004543113
0.0002034479 -6.313437e-05 1.495999e-06 0.0007506806 -0.0002227927 0.0004118496
0.0002487845 -4.039268e-05 -6.606413e-05 0.0007647525 -0.0002518713 0.0003646148
0.0003072476 -7.777759e-06 -6.239425e-05 0.0007209605 -0.0002083451 0.0003270045
0.0002679499 -1.260721e-05 -4.789284e-05 0.000843752 -0.0001899577 0.0003474476
0.0002815005 8.957256e-05 -9.793412e-05 0.0008847902 -0.0003123922 0.0003443025
0.0003043456 6.867946e-05 -5.573866e-05 0.0008480091 -0.0003176576 0.0002835392
0.0003141378 3.8404e-05 -3.185942e-05 0.0008128481 -0.0003539998 0.0003280891
0.0002454903 6.639839e-05 -5.677734e-05 0.0008687938 -0.0003351665 0.0003430132
0.0003988366 4.022911e-05 -0.0001155451 0.0009220191 -0.000411398 0.0004778191
0.0003557412 -7.171641e-05 -7.45254e-05 0.0008170095 -0.0002507551 0.0003487436
0.0003231074 9.996416e-05 -0.0001258756 0.0006583176 -0.0002987323 0.0003512591
0.0004097299 7.526482e-05 -0.0001025943 0.0006921676 -0.0002242962 0.0002401057
0.0004569021 2.940237e-05 -7.885883e-05 0.0007508367 -0.0001951792 0.000212136
0.0004161865 4.863053e-07 -0.0001206745 0.0006494081 -0.0002239872 0.0002980118
0.0004639637 -7.455219e-05 -0.0001907986 0.0006853636 -0.0001833536 0.0003572667
0.0003757061 -3.773877e-05 -0.0002233822 0.0009239736 -0.0002715335 0.0004660303
0.0003136465 -3.467126e-05 -0.0001631333 0.0008180558 -0.0002736079 0.0003835273
0.0003178017 -0.0001148184 -0.000129142 0.0009896411 -0.0003094148 0.0004081364
0.000345799 -0.0001095466 -9.854338e-05 0.0009703494 -0.0002916127 0.0004591382
0.0003578863 7.898932e-06 -8.681578e-05 0.0008148553 -0.0002448964 0.0004118033
0.0002755588 3.595947e-05 -7.164313e-05 0.0008753721 -0.0002411178 0.0004788225
0.0003568034 -3.385546e-05 -6.508128e-05 0.0006606535 -0.0002281721 0.0004777368
0.0002910263 -3.61433e-05 -4.974192e-05 0.0007384533 -0.0003387019 0.0006361869
0.0003213105 -5.174763e-05 1.82971e-06 0.0007324634 -0.000305196 0.0005850515
0.0003311818 4.189809e-05 -0.0001218628 0.0007118081 -0.0003299101 0.000713358
0.0004120215 5.649537e-05 -0.0001058723 0.001073701 -0.0003572498 0.0007302795
0.0004436161 0.0001288655 -0.0001045904 0.0009724848 -0.0001729125 0.000534546
0.0003916606 0.0001292461 -3.623547e-05 0.0008382651 1.348103e-05 0.0005333267
0.0002977584 0.0001989082 -6.841632e-05 0.0007047061 -8.4648e-05 0.0006468919
0.0002869399 0.0001207973 -8.945229e-05 0.0006621224 -8.972267e-05 0.0005573501
0.0002570224 9.311525e-05 -9.150112e-05 0.0006895483 -0.0002020449 0.0005163757
0.0002504927 0.0001084227 -7.231015e-05 0.0007342887 -0.0001631541 0.0004661313
0.0003121714 9.866351e-05 -5.477472e-05 0.0008280947 -0.0001447274 0.0003984652
0.0004185568 8.800506e-05 -0.0001348825 0.0007238412 -0.000187298 0.0004953785
0.0004527783 0.0001327399 -0.0001973139 0.0008461212 -0.0003253631 0.0005845576
0.0004548393 8.84018e-05 -0.0001485699 0.0006225717 -0.00024618 0.0004450361
0.0003306348 8.15459e-05 -0.0001199479 0.0005936994 -0.0002385336 0.0004448311
0.0003109354 9.264806e-05 -0.0001240027 0.0004944905 -0.0002031267 0.0006427692
0.000258586 0.0001090836 -0.0001479131 0.0004723768 -0.0001992218 0.000713992
0.0003031451 7.570278e-05 -9.903092e-05 0.000584756 -0.0002499621 0.0006943509
0.0003203776 4.495281e-05 2.557037e-06 0.000709108 -0.0002272348 0.0005544085
0.0003076036 4.641935e-05 -6.963834e-05 0.0005131791 -0.0001430082 0.0004893321
0.0004085121 -7.015942e-05 -1.912638e-05 0.0008980056 -0.0001880269 0.0003842729
0.0004625226 -7.821828e-05 1.605198e-06 0.0008301453 -0.0002539646 0.0004525198
0.000404748 -1.693181e-06 -9.661658e-05 0.0006182613 -0.0002421563 0.0004816735
0.0004470321 -5.339643e-05 -6.659108e-05 0.0009041664 -0.0003895455 0.0006152422
0.0004473291 -3.4513e-05 -8.201184e-05 0.0009796876 -0.0004156375 0.0006609676
0.0003919975 -2.193724e-06 -6.432442e-05 0.00131254 -0.0006893223 0.0008194456
0.0003558981 9.644078e-05 -9.14257e-05 0.001318764 -0.0006773488 0.0006994182
0.0004413343 3.799929e-05 -2.681516e-05 0.001247435 -0.0005987227 0.0006111054
0.0003872231 0.0001977285 -0.000164733 0.001180075 -0.0006482836 0.0007267205
0.0005082756 8.83517e-05 -7.17261e-05 0.001076485 -0.0005952436 0.0006801914
0.0004481672 8.851872e-05 -0.00015644 0.0008349611 -0.0005953355 0.0008718548
0.000416396 5.722643e-05 -0.0001020227 0.001053544 -0.0005456735 0.0006609332
0.0004127965 -3.298558e-05 -7.287651e-05 0.0009571095 -0.0006474342 0.0008242711
0.0004580637 1.535058e-05 -2.087841e-05 0.0006831503 -0.0005332637 0.0007910126
0.0006030604 -9.447532e-05 4.343911e-05 0.0007094982 -0.0004829853 0.0007870479
0.0006773629 -0.0001052485 -3.339608e-05 0.0008241048 -0.0004531838 0.0007096082
0.0007105233 -0.000137186 4.001754e-05 0.0006951558 -0.0003333595 0.0006654165
0.0005576123 -0.0001047201 6.887842e-05 0.0008185359 -0.0004449024 0.0007798292
0.0007257101 7.402453e-05 -6.472093e-05 0.001160225 -0.0006739266 0.0007802477
0.0008251485 8.754183e-05 -0.0002044117 0.001128497 -0.0005824545 0.0007543534
0.0006768873 0.0001152869 -0.0002296028 0.0008700614 -0.0004249805 0.0006283556
0.0005841352 0.0001335851 -0.0002008226 0.0007200462 -0.0004068889 0.0005891654
