0.4040991 -0.01847064 -0.04241285 0.4013766 -0.003931125 0.5030663
0.3802283 -0.008361863 -0.08159983 0.3524604 0.008041675 0.4260872
0.3772707 -0.02414541 -0.00985057 0.4190828 -0.002216466 0.4340942
0.417256 0.003894907 0.004392661 0.4397929 -0.001386662 0.4105135
0.5006479 0.008362975 -0.1036169 0.377313 0.005444601 0.4358113
0.4057649 0.01624291 0.03907926 0.4245095 0.04161963 0.4735411
0.444162 0.02957399 -0.1121637 0.3989765 -0.07415247 0.4869406
0.4545196 -0.09615514 -0.01883537 0.4420847 0.03947271 0.5001378
0.3477893 -0.02730492 0.005320767 0.3859427 -0.0101552 0.4896285
0.3866872 -0.03095378 -0.05184831 0.4304724 0.03514072 0.3615129
0.4577747 -0.0114586 -0.1080771 0.4071143 -0.007728918 0.4439232
0.3331876 -0.05375748 0.02598469 0.4575581 0.02734314 0.4428778
0.4126506 -0.05090181 -0.02981681 0.3735517 0.03708476 0.4494283
0.4637869 -0.01487515 -0.08205237 0.368502 -0.02039683 0.5301115
0.3936575 -0.0558549 -0.07506982 0.4757746 0.06354438 0.4383497
0.4135051 -0.00369267 -0.01899471 0.421851 0.0133063 0.5000425
0.4304305 -0.05243906 -0.008573861 0.5268353 -0.01332075 0.4298617
0.3989344 -0.06187671 -0.04339279 0.4588842 0.01752472 0.4380016
0.5278298 -0.02114145 -0.1288256 0.4668904 -0.007362227 0.4581747
0.4589287 -0.06674422 -0.01345175 0.5214166 0.04560993 0.4305402
0.4697712 -0.07023957 -0.01592371 0.5185733 -0.1041529 0.4977993
0.4113019 -0.02846761 0.0003458521 0.5038809 0.02048853 0.4982545
0.5081213 0.03725922 0.02522334 0.3417527 0.0922444 0.4337993
0.3986847 -0.03372193 -0.02317425 0.376628 -0.02582599 0.5045717
0.4538699 0.0323331 -0.03944525 0.5523384 -0.03356068 0.4145906
0.3842983 -0.0178379 -0.02519364 0.4567157 -0.06097468 0.456346
0.3926247 -0.02652172 -0.00818049 0.3623854 0.01418302 0.4986201
0.4392846 -0.02711334 -0.02718711 0.3840076 0.05822466 0.560406
0.4329323 0.01356457 -0.01745924 0.528759 -0.02994285 0.4110969
0.482769 -0.04711732 0.02087177 0.4014471 -0.06151052 0.4584947
0.3905077 -0.02721214 -0.01770012 0.4560946 0.02655683 0.5582053
0.4113806 -0.02642456 -0.0357112 0.4200873 0.06187728 0.5088289
0.422148 0.006037812 -0.01175851 0.4482646 0.02042139 0.3691178
0.3822108 0.004434313 0.009603068 0.3991366 0.02678942 0.489475
0.4325091 0.01874847 -0.03970832 0.4335056 -0.04109332 0.4153502
0.4978379 -0.0833747 0.02865713 0.4244051 -0.01427056 0.5402957
0.4668899 -0.02538778 -0.01453698 0.4042491 -0.03019909 0.4378738
0.315401 -0.01733034 -0.01868916 0.3538974 0.04620739 0.4049114
0.3715483 -0.0699109 -0.0731168 0.4137222 0.01856348 0.4489804
0.5075202 -0.007228464 0.03211597 0.3871565 -0.009177529 0.3972418
0.3894165 0.03207968 -0.009873365 0.412749 0.007082553 0.3118044
0.4606346 0.02168187 -0.1016103 0.3853936 0.002043138 0.502356
0.3946037 -0.03906315 -0.03294889 0.3842353 0.02893624 0.5469762
0.3923606 0.01018122 -0.009212946 0.4138281 0.01350654 0.3906289
0.4721216 0.02247351 -0.04398293 0.4378996 -0.01644364 0.4432326
0.3965757 -0.05216125 -0.02019593 0.3452434 -0.004619063 0.4582224
0.5064267 -0.003459768 -0.1034998 0.4232874 -0.005057285 0.4150152
0.5059066 0.02534209 -0.05803706 0.4462373 0.005623497 0.4229269
0.3675778 -0.0174868 -0.01610183 0.4790265 -0.06189117 0.4179709
0.4646091 0.01141234 -0.04625917 0.4469518 -0.007683469 0.5818548
0.4635319 -0.02431368 -0.01029955 0.4314038 0.08142168 0.4573424
0.4282882 -0.003067019 0.02232884 0.5042266 -0.03549775 0.5379873
0.5383272 -0.03437811 -0.009326472 0.4961158 -0.00292458 0.4777256
0.4293653 -0.04654989 0.01791316 0.3742596 0.003013325 0.4128384
0.3882172 -0.03172383 -0.03882582 0.443532 -0.001935554 0.4553657
0.4903503 0.01606775 0.0294039 0.4284671 0.02721122 0.5683757
0.5368866 -0.07750209 -0.04254035 0.4281003 -0.02185135 0.4154173
0.432014 0.006664074 -0.07994366 0.3742729 -0.03426923 0.5049707
0.4767126 0.007232218 -0.02184493 0.4514335 0.04515972 0.4406075
0.4164311 -0.04675733 -0.06590089 0.4807806 0.04365546 0.4783277
0.5076915 -0.08053914 -0.0122972 0.5171094 0.003401592 0.5241882
0.4851493 -0.03831493 -0.004560817 0.346096 -0.01252412 0.465314
0.4272071 0.004258259 -0.0003808423 0.3951742 0.03491977 0.490336
0.3993668 -0.08895861 -0.00750067 0.4428232 0.04628899 0.450091
0.4528921 -0.01420989 -0.02508289 0.4202656 -0.06231632 0.3741918
0.3851672 -0.03091638 -0.1060834 0.3369473 -0.02187305 0.5071489
0.4228228 0.004922656 0.06142853 0.462499 -0.02760055 0.424379
0.4915203 -0.07233642 -0.007447625 0.3940053 0.01920315 0.4559278
0.4523858 -0.04446478 -0.0403556 0.4389999 0.004370255 0.487596
0.4033868 -0.01921111 -0.03557794 0.341263 0.001662984 0.4462925
0.4995384 -0.04072557 -0.05750205 0.4345963 -0.01271842 0.4425597
0.3820064 -0.03176001 -0.007991279 0.4021858 0.03508423 0.4305842
0.3263679 -0.02444475 0.001058265 0.4324296 -0.02064777 0.4066868
0.4074084 0.01282934 0.04031174 0.3651545 0.05150252 0.4634317
0.4413453 -0.04355856 0.0007337344 0.4049378 0.003462052 0.4441244
0.3854567 -0.00328717 -0.01749396 0.5214204 0.031379 0.4862963
0.3514215 -0.01863696 -0.05245421 0.4101358 0.05456751 0.5111067
0.384793 0.02137794 0.01625608 0.4002 -0.002307568 0.4652115
0.5462913 -0.01197302 0.007809467 0.4122973 -0.07629151 0.4501199
0.4768888 -0.04964198 0.03501418 0.4512445 -0.01916437 0.4178062
0.4145147 -0.01221857 -0.05502578 0.3814813 0.04569364 0.5057564
0.4474623 -0.0150803 0.054224 0.3856213 0.01415952 0.3889331
0.4344521 -0.005856253 -0.001608325 0.372097 -0.01975007 0.4793117
0.3987831 -0.02016784 -0.06355425 0.4452388 0.008660146 0.5527878
0.4649494 -0.001914714 -0.0632711 0.3548116 0.001569979 0.4099024
0.4357529 -0.07801043 -0.05526998 0.4018657 0.04061062 0.5584642
0.4256432 -0.0550204 -0.01912584 0.3536219 -0.01875437 0.4568383
0.5098622 -0.05657333 -0.004910816 0.3612437 -0.07525914 0.5239438
0.4571582 -0.004001166 -0.02295258 0.4089104 -0.01213423 0.4633937
0.4364663 -0.01899871 -0.009044749 0.3787711 -0.04618245 0.4387002
0.4593223 -0.01460533 -0.03559601 0.4338828 -0.04500314 0.4506053
0.3955104 0.01999 -0.07130526 0.4600663 -0.03903216 0.5058703
0.4115786 0.001253202 -0.0154369 0.4614938 0.003811804 0.4119787
0.4326902 0.02527693 -0.01827798 0.4226426 -0.04067578 0.4123931
0.4432597 0.02522305 -0.06950219 0.3944208 0.02874776 0.4258936
0.4170966 -0.05298879 -0.06620734 0.4789921 0.004931689 0.4911815
0.4352967 0.05965625 -0.06754038 0.3782574 -0.1054363 0.4625762
0.4019538 -0.005145405 -0.0487987 0.4287731 0.02380262 0.446189
0.4773114 -0.03890767 0.006345629 0.4490492 -0.002377828 0.5480974
0.4368888 0.0448347 -0.0411018 0.5552631 -0.002443153 0.4455895
0.556465 -0.04281393 -0.05185377 0.4354751 0.004464729 0.5640049
0.4638865 -0.009124173 -0.007806066 0.3890633 0.01982753 0.5163415
0.4428491 -0.05709426 -0.01254804 0.3800693 0.03548924 0.4204813
0.4805061 -0.03198712 -0.06338181 0.4808447 -0.03524406 0.48556
0.448516 0.010838 -0.002703884 0.4250287 0.02617309 0.4676618
0.4584224 -0.05658467 -0.008968031 0.4090674 0.008160275 0.465433
0.4532472 0.005862592 -0.02674001 0.407644 -0.006945754 0.4195747
0.5611446 -0.06756303 0.02158271 0.4016801 0.02963021 0.4371804
0.4094046 -0.03340723 -0.008506021 0.324857 -0.005086118 0.4466009
0.4928433 0.04044769 -0.06425296 0.4507392 -0.03994771 0.3805924
0.4378714 -0.02276211 -0.04028513 0.4033613 -0.0005324484 0.4868077
0.4081543 -0.01087854 -0.1124956 0.3775456 0.04623709 0.4897708
0.4151913 0.02242234 -0.05741808 0.4379183 -0.07601727 0.5980002
0.4055269 -0.0800373 -0.02027354 0.4113825 -0.02479085 0.5315056
0.4559368 0.0258892 -0.06872074 0.4567448 -0.001395412 0.488979
0.3905705 -0.01731428 -0.02434628 0.3619658 -0.01145087 0.4711461
0.4249409 -0.08298493 -0.06167587 0.445297 0.0302385 0.4451571
0.4391162 -0.03357859 -0.02463977 0.3342795 -0.02357927 0.3778484
0.4128791 0.04599556 -0.007245614 0.3559282 -0.01411316 0.3977207
0.4384072 0.0006376792 -0.01116803 0.3463391 -0.0414717 0.4127923
0.4556861 0.01370688 -0.06513138 0.3644934 0.07262451 0.5404654
0.5132157 -0.0438955 -0.02898452 0.5326445 0.1385682 0.5869308
0.4988632 -0.02888008 -0.06979542 0.4111904 0.008135367 0.4331651
0.4156372 -0.01408476 0.004039701 0.4023304 0.03884862 0.4238841
0.3862545 0.0470031 -0.01234258 0.3524589 0.01312865 0.4103523
0.4121431 0.0006276523 0.01620638 0.3357059 -0.05874461 0.4432716
0.447753 0.007703177 -0.02467426 0.4282213 0.002609852 0.4260034
0.5586078 -0.03950672 -0.1494633 0.4753045 0.03945458 0.500961
0.4646152 -0.03743096 -0.0496087 0.4489854 -0.03223707 0.3805041
0.474041 0.01931765 -0.01385211 0.360156 0.01684816 0.4369691
0.5252042 0.01037303 -0.02063226 0.3886634 -0.03486956 0.4043981
0.4279412 -0.03646266 -0.002448597 0.4391698 0.02612578 0.4732068
0.4639428 -0.078249 0.06077296 0.438112 0.009223731 0.4746822
0.5242562 -0.02190351 0.06374262 0.3615038 0.02599732 0.5226066
0.4024148 0.008615442 -0.03022686 0.4579876 0.03509054 0.5570911
0.4404851 -0.05598274 -0.01996926 0.4757089 -0.01467334 0.4886731
0.5980575 -0.07519379 0.02714514 0.3621057 0.005432103 0.419336
0.4537585 -0.02588824 -0.02385153 0.3148821 -0.02876371 0.4943327
0.4192617 -0.06291154 -0.06363363 0.3801894 0.02743634 0.4212874
0.3476952 -0.009272829 -0.02785167 0.4727592 -0.01434071 0.3924353
0.4229443 -0.04711845 -0.03880663 0.4511071 0.01778798 0.5566892
0.4545587 -0.03910404 -0.01308916 0.5070664 0.01542921 0.4230275
0.5049436 0.0279212 -0.01436892 0.3448442 -0.02844303 0.4114399
0.4081151 -0.07134328 -0.006089679 0.4583449 0.05632324 0.5482603
0.5503927 -0.1743837 -0.05429533 0.5262575 0.07153398 0.5469707
0.3836275 -0.03428623 0.005685003 0.4442717 -0.0198456 0.4661413
0.4803366 -0.04203359 -0.04510273 0.4420395 0.002824472 0.3997184
0.3721108 -0.01246702 -0.01129252 0.3959714 0.04428601 0.4924175
0.3760953 -0.05160876 0.05163568 0.4331487 0.05626337 0.4258901
0.5048865 -0.02221552 -0.026077 0.4726147 0.04490362 0.4552145
0.4680855 -0.02362975 -0.0149084 0.3496278 -0.04298756 0.4528978
0.4362127 0.02502743 0.004750583 0.3702881 -0.0008188088 0.5207485
0.4067127 0.003212275 0.02050139 0.4347507 -0.004349888 0.4945819
0.3983711 -0.01951011 0.02302812 0.3810281 -0.04052822 0.5387133
0.5175505 0.004161845 -0.01815271 0.4608782 0.03494587 0.5058109
0.4220963 -0.05729663 0.02158617 0.4315342 0.02368935 0.4791806
0.4312645 -0.04809919 -0.05752653 0.4438646 0.01858487 0.4925399
0.4905652 0.05904079 -0.1164845 0.3436675 -0.005912673 0.4764483
0.4612533 -0.01958666 0.0197448 0.3088192 0.01986487 0.4732662
0.4740601 -0.08220251 -0.07198212 0.4705784 -0.005756585 0.4948209
0.4224498 -0.06741285 -0.04994987 0.5434998 -0.06320157 0.4516438
0.4143595 -0.002420057 -0.06101584 0.3858807 -0.04536843 0.5352289
0.4295219 0.02989427 -0.03493704 0.3793449 0.01581036 0.4719541
0.443799 0.05332325 -0.03878159 0.3773794 -0.06370176 0.5133675
0.4403116 -0.03037169 -0.0503372 0.4735268 0.001909295 0.55265
0.3981453 0.01833049 -0.06686257 0.3708565 -0.007127134 0.45069
0.4283193 0.0233799 0.02007512 0.4602796 0.003438925 0.5449036
0.4038542 0.009563692 -0.0326372 0.4253099 0.01165068 0.4763578
0.3268687 -0.06011879 -0.01151922 0.5174545 0.04902096 0.4565648
0.3894691 -0.02017828 -0.07022463 0.369125 -0.02807277 0.4800667
0.4120498 -0.03661623 0.01040563 0.4160613 -0.009963837 0.439639
0.4089261 -0.06071644 -0.06832991 0.4403895 -0.007902213 0.4372918
0.5100137 -0.03933663 -0.04629111 0.4300791 0.04632953 0.4785887
0.418265 -0.03811474 0.0193456 0.3980199 0.04204596 0.4111414
0.4876303 -0.01571026 0.0281769 0.4632831 0.02585709 0.3909223
0.4159105 -0.02907556 -0.07164563 0.4475364 0.06508008 0.4676886
0.4157729 -0.01460307 0.008886871 0.4195934 0.03914619 0.4229354
0.4625424 -0.005612242 0.01925437 0.4016611 0.02237064 0.4303089
0.4665363 -0.09469791 -0.06314889 0.4775181 0.008124265 0.4298877
0.3688877 0.00780843 -0.02782016 0.3625556 0.0372754 0.5019775
0.4140922 -0.004018416 -0.003414473 0.3994282 0.02847874 0.4826247
0.398801 -0.04119203 -0.02311858 0.4080813 -0.01494593 0.4646136
0.4631321 -0.05227184 -0.06453786 0.5589864 -0.0005341016 0.505541
0.4336253 -0.01568577 0.03286274 0.388451 0.027397 0.4730116
0.3487375 0.03509811 -0.01937447 0.4402755 0.001836725 0.4291085
0.432992 -0.03876976 -0.0671365 0.3885814 0.02238239 0.516401
0.4084852 -0.05245932 0.05895197 0.4143719 -0.01049411 0.5105493
0.4511537 0.0233559 -0.05127467 0.3713043 0.02829452 0.4583309
0.4225726 0.03168038 -0.04700752 0.3778239 0.03052751 0.4525208
0.4320276 0.02062409 -0.05310509 0.3971288 0.008673307 0.4683689
0.4713962 -0.04101409 -0.04799943 0.4170652 -0.001664598 0.4023783
0.4844888 -0.04428463 0.0281698 0.3505974 0.0116509 0.5115729
0.3728755 -0.03097284 -0.03184621 0.4600779 -0.01910789 0.3551367
0.4512375 -0.03724938 -0.02120731 0.3198381 -0.00662897 0.374772
0.4774041 -0.01507109 -0.05995485 0.4653671 0.03505351 0.4332106
0.4176616 -0.02752099 -0.04714395 0.3838483 0.02578316 0.4257551
0.4057877 0.04823698 0.0009505836 0.4710888 -0.02353906 0.3764944
0.4407566 0.01610345 0.03315715 0.3745874 -0.05565911 0.4453279
0.4480704 -0.00528053 0.004288205 0.4738818 -0.0329249 0.4916503
0.3857354 -0.02431086 0.01586922 0.4519763 -0.008374285 0.531789
0.4459903 -0.02674059 0.02612351 0.5016266 -0.03102203 0.4325251
0.4589937 0.00263901 -0.01042658 0.3781242 -0.007722746 0.5205569
0.3828867 -0.007974567 -0.1021727 0.3779648 0.002206977 0.486536
0.4095402 -0.01677661 -0.04983011 0.3725029 0.008266982 0.4321282
0.4290953 -0.0372213 -0.007123548 0.4205336 0.01914524 0.4884467
0.4424837 -0.0612705 -0.02348299 0.4051463 0.02320206 0.427415
0.3873569 -0.01790407 -0.04607912 0.4281662 0.0517559 0.4406484
0.4336445 -0.03048423 0.05387146 0.492459 0.04095222 0.4659338
0.3754385 0.05200015 0.009536492 0.4929661 0.03649418 0.5185665
0.4841612 -0.1146694 -0.04602646 0.5386749 -0.04681317 0.5226037
0.3949108 0.01218252 0.007218314 0.4891394 -0.06188619 0.4208882
0.3680534 -0.01137437 0.01202751 0.4325358 -0.03536388 0.4794044
0.3981326 -0.03027003 -0.02071927 0.3532454 0.03693482 0.5339857
0.3878872 0.008241226 0.03536833 0.4273828 -0.01169561 0.5568245
0.4480252 0.02608099 -0.02348672 0.4409594 -0.0159523 0.4436323
0.5554805 -0.03272452 -0.001266156 0.4545394 -0.05317083 0.4021649
0.4490672 -0.04434804 -0.01637065 0.3643054 0.03619076 0.4676366
0.4121555 -0.03339737 -0.0002356805 0.4025662 -0.02144666 0.379385
0.3900014 -0.01327043 -0.0150296 0.4671982 0.0259867 0.4797307
0.3906782 -0.002860161 -0.02574042 0.3905896 -0.01243088 0.4271353
0.5053939 -0.008547863 -0.01953432 0.5045238 -0.004611961 0.4520124
0.4348081 -0.02237183 0.01102744 0.4252719 -0.04005835 0.4396098
0.4243909 -0.02085249 -0.1095328 0.4248014 0.02599991 0.4622425
0.4564249 -0.01255093 -0.04734175 0.3358066 -0.001879348 0.4748691
0.3812981 -0.02402784 0.004975605 0.4158342 -0.001596205 0.3985109
0.436106 -0.003014566 -0.08687728 0.3608494 0.05749781 0.4917889
0.4967151 -0.004613716 -0.07017764 0.4112401 0.02393255 0.4523258
0.5221121 -0.01472226 0.0502506 0.4198488 -0.03955895 0.4740781
0.4543267 -0.03883444 -0.02777211 0.4004439 0.007039136 0.5296805
0.4306405 -0.0451875 0.02207726 0.4205587 0.02221934 0.4453511
0.4600735 -0.03153833 -0.007085926 0.4748396 -0.01488565 0.4357136
0.3424589 -0.008809217 0.008357912 0.3520045 -0.03776054 0.4448914
0.4535986 -0.01334996 -0.01850188 0.3731965 0.0067672 0.4251891
0.4309622 -0.04294464 0.02908564 0.3518167 0.06456773 0.4260152
0.3941377 -0.02530155 -0.02096747 0.3987845 0.0165064 0.4372568
0.4717235 -0.05615309 0.02963943 0.4116111 0.05280227 0.5092238
0.467197 0.01884793 -0.02983376 0.4866091 0.04293716 0.4468178
0.3269478 0.000830905 -0.06190071 0.3665114 0.01637924 0.4403457
0.5215767 -0.0529085 -0.08886054 0.4814907 0.03972153 0.473407
0.4237032 0.03884895 -0.01953162 0.4307857 0.01832791 0.3822278
0.4543502 0.02662548 0.02580778 0.3896286 0.02912212 0.4823336
0.4636905 -0.009610468 -0.02700396 0.4266154 -0.0309304 0.3812798
0.4648837 -0.04307012 0.01000816 0.396355 -0.02067191 0.4194065
0.4195942 0.006603042 -0.05925407 0.4286724 0.03084935 0.4255288
0.4653596 -0.04933256 -0.01010193 0.3990792 0.01022914 0.412057
0.4071549 -0.0319462 -0.008159937 0.4079696 0.05632511 0.3715934
0.4602857 -0.008052148 -0.02003376 0.4066078 0.01552893 0.4514684
0.4572598 -0.002915019 -0.03723695 0.4721781 -0.04164122 0.4898738
0.442139 -0.03136213 0.00660739 0.4852141 -0.04907267 0.4021555
0.3986858 -0.04612609 -0.008907485 0.3799699 0.03251194 0.4098547
0.4563092 0.03724831 0.047564 0.4283002 0.004178468 0.4734834
0.4619375 -0.05350217 -0.02191176 0.4167893 0.03182838 0.4683944
0.4590587 -0.01866246 -0.01746622 0.3304343 0.06744079 0.4236853
0.6031717 0.03787815 0.005834773 0.4168778 0.02621186 0.4265891
0.4214795 0.005205657 -0.01545283 0.3252265 0.003170047 0.5268463
0.3810655 -0.00317836 0.05874208 0.4258925 -0.008118801 0.4878958
0.4665805 0.01705987 -0.08517799 0.3637712 0.01735298 0.449015
0.404581 -0.01026324 -0.009235928 0.3505883 -0.04418633 0.4030232
0.4001375 -0.0492752 0.01707733 0.3020231 -0.006270822 0.3743767
0.4911558 -0.04501502 -0.03175366 0.3869391 0.02556868 0.4301609
0.4449351 -0.07198694 -0.05004402 0.3899677 0.07495288 0.4137891
0.5035623 0.03376841 0.0006044181 0.4829083 0.02704463 0.3657636
0.4495261 0.03205944 0.012708 0.3409931 0.04069964 0.4342842
0.4052623 -0.08972992 -0.1071171 0.4156819 0.07918877 0.4529201
0.5200998 -0.02292559 -0.02482862 0.3934574 -0.004603196 0.3968678
0.4206112 0.0664095 0.03132831 0.3807862 0.004111026 0.4302976
0.3785778 -0.04884209 0.04080046 0.3288163 0.0316604 0.4567644
0.5470042 -0.1261161 -0.0164865 0.3740465 -0.03436032 0.4592478
0.388772 -0.03334666 0.0034908 0.386892 0.003629876 0.3902032
0.4017924 -0.04437292 -0.0803837 0.4653119 0.05300375 0.4624488
0.4251463 0.07237295 -0.005092034 0.5031519 0.006440571 0.4140577
0.4058487 -0.06489924 -0.04200866 0.6583544 0.06341349 0.456734
0.4375006 -0.02545371 -0.0667004 0.4762492 0.03931541 0.4359565
0.5102231 0.005708216 -0.01159968 0.3733526 0.01316119 0.4806289
0.4864163 -0.07040893 -0.04340415 0.4839608 -0.03522369 0.3920723
0.5039002 -0.06845912 -0.005105586 0.4239506 -0.0585203 0.5375551
0.3635221 -0.02064964 0.02926029 0.4392177 -0.01300767 0.3859307
0.433478 -0.07917552 -0.01826794 0.4013951 -0.005784977 0.3622158
0.455818 0.01317659 0.0132659 0.4819682 0.0319227 0.408735
0.4490441 -0.04799456 -0.05015333 0.5335685 0.06881754 0.4670384
0.4276207 0.005761483 0.01602266 0.4211362 0.03427698 0.4761727
0.4350762 -0.04726462 -0.07336975 0.4412608 -0.0001817377 0.4670808
0.4444916 0.03614134 0.03289938 0.526865 -0.02983649 0.4910718
0.4217929 -0.002556287 -0.007514042 0.4058603 -0.05707957 0.4443008
0.4507343 -0.05264959 0.01124886 0.4826864 -0.03400047 0.4625123
0.4161195 -0.01546599 -0.005589479 0.4100673 -0.001032309 0.4154331
0.3719092 -0.06951348 -0.06170002 0.4659256 0.01348131 0.5048035
0.3850835 -0.02533283 -0.01862408 0.4038415 0.07679529 0.4676434
0.4055754 -0.1051023 -0.04808708 0.5134886 0.0003297201 0.4427613
0.4882058 -0.03979072 -0.07231859 0.3634024 -0.007796735 0.479256
0.4686654 -0.02948154 -0.07233777 0.4468617 0.03478091 0.5282736
0.3991683 -0.05927437 -0.01869293 0.5011991 0.03038381 0.5286213
0.487863 -0.01944178 0.03636289 0.3882468 -0.009800182 0.4364692
0.3604879 -0.009777707 -0.04604618 0.3637782 0.02042591 0.4639567
0.379344 -0.03926508 -0.07248746 0.3763281 0.03154478 0.4895543
0.3887522 0.03415272 -0.03828737 0.3814855 -0.001654883 0.4500353
0.4321934 0.03870398 -0.05943324 0.3205481 0.01273091 0.3944154
0.4692357 -0.01561504 -0.1061082 0.3910269 0.00757499 0.4679323
0.5370858 -0.01270407 -0.04033329 0.3723811 0.06992959 0.5084233
0.5476564 0.04325724 -0.01748921 0.3563081 -0.03535499 0.4452708
0.4777753 -0.01686697 -0.02975534 0.3528849 0.008074932 0.4293641
0.4209368 -0.0110245 -0.04078707 0.3845417 -0.01121457 0.4820515
0.4208283 0.03489681 0.006829316 0.422745 0.03253219 0.4568529
0.4919695 0.02168437 -0.06393853 0.4089238 -0.02081626 0.4519203
0.3463327 -0.003733038 -0.04347389 0.4484728 -0.002724701 0.4394195
0.4779601 -0.04837526 -0.02638384 0.3904326 0.0181115 0.4607106
0.3556953 -0.02452566 -0.005567072 0.4226724 0.003432467 0.3596702
0.4162326 -0.02013386 -0.0162087 0.412743 0.01186061 0.4307519
0.3894381 -0.02592672 0.03261714 0.3912483 -0.04124696 0.4929215
0.4930058 -0.001909457 0.008846021 0.3565987 0.004549803 0.3811772
0.4779694 0.02005186 0.005339175 0.3673105 0.004870336 0.5019424
0.4217762 -0.08936914 0.01536784 0.4133264 -0.01576003 0.4492458
0.450692 -0.06045129 -0.0296075 0.3746103 -0.04409485 0.3951733
0.3752716 -0.05001231 0.006139352 0.3746236 -0.0870526 0.4489795
0.4210632 -0.05303689 -0.01523755 0.4510738 -0.04801301 0.4102036
0.4241793 -0.004843189 -0.001202441 0.4252978 0.03346923 0.4932873
0.4733616 0.00868602 -0.008483032 0.3910616 0.05643039 0.4839601
0.4168511 0.01860649 -0.03477097 0.4403856 -0.002282303 0.4808045
0.4187428 -0.01252231 -0.0488469 0.4558719 -0.07636916 0.4401589
0.4729263 -0.06409768 -0.001030601 0.4031168 -0.03733087 0.462187
0.3968643 -0.0007506275 -0.1026263 0.3570231 0.009120414 0.668267
0.3432081 -0.04129845 -0.02126723 0.3783627 -0.006704975 0.4637558
0.4456703 -0.01106347 -8.737925e-05 0.4006031 -0.05278466 0.4547207
0.5260448 -0.09242561 0.01246685 0.4499461 -0.02323284 0.4231336
0.3966692 -0.01399657 -0.02947451 0.4122868 -0.07342677 0.5442374
0.3935077 0.01289842 0.009196983 0.3783288 0.00312826 0.4335334
0.3835556 -0.008789199 -0.05744604 0.3173949 0.01092943 0.5098029
0.5120682 -0.06377951 -0.05960107 0.3657606 0.03366116 0.5132346
0.4131246 0.02147872 -0.05728911 0.4604092 -0.1025568 0.6243534
0.4101577 -0.05703514 -0.03682935 0.387032 0.0340982 0.4948453
0.4244059 0.02396774 0.03023527 0.3821719 0.03662991 0.5488513
0.5577011 0.01259689 -0.008263868 0.4183984 0.01456336 0.4305333
0.4072267 0.01057949 -0.0793002 0.4416804 -0.006857336 0.4494205
0.3802998 -0.02589563 0.003895073 0.3417221 -0.008722862 0.399098
0.4775466 -0.01886022 0.009785771 0.3433512 0.001148601 0.3452411
0.3785031 -0.02919292 -0.06641166 0.3551666 0.01188155 0.4493423
0.4318326 -0.05009006 -0.008461337 0.4395389 0.006509489 0.4194934
0.3738446 -0.06190168 0.01418829 0.3984439 0.004026192 0.4017073
0.4349331 -0.006911929 0.009988083 0.384333 0.03918415 0.5031114
0.4235365 -0.01383485 -0.03540067 0.3799563 0.002549713 0.4665091
0.4340892 -0.07716758 0.05037053 0.367687 -0.009292154 0.3528356
0.433287 -0.02561082 -0.004343784 0.385953 -0.04592869 0.4810366
0.4485166 -0.03348581 -0.02150805 0.3226013 0.01476841 0.4730175
0.3335734 -0.08187272 -0.003346331 0.3886212 -0.03713849 0.4983507
0.473337 -0.04499441 -0.0119282 0.4766936 0.0255598 0.4703509
0.4395051 -0.05835593 -0.02807183 0.3470626 -0.01237936 0.4569027
0.4486137 -0.09547106 -0.02061064 0.3819864 -0.01036141 0.5386312
0.4681535 -0.06132866 -0.005858013 0.3619242 -0.01032635 0.4526948
0.3848182 -0.008333351 -0.04638488 0.3695114 0.01666113 0.4882339
0.42428 -0.02204316 -0.03879817 0.3736515 0.02076929 0.3674667
0.3666861 -0.06238938 0.01410567 0.3454532 0.02454815 0.3948291
0.4535989 -0.09111933 -0.003083725 0.3392872 0.07086404 0.4521923
0.434382 0.01770159 -0.01318 0.4564719 0.06300408 0.4294679
0.4842061 -0.02841144 0.02025003 0.3152828 -0.0004958383 0.5432786
0.4154232 -0.05019031 -0.02544292 0.4127847 0.002346144 0.3992336
0.5042704 -0.03589434 -0.06067509 0.4300879 -0.01617615 0.497579
0.3859814 -0.01933233 -0.02473143 0.3522962 -0.01114235 0.43926
0.4210507 -0.004621188 -0.007325377 0.4182695 0.05149495 0.3429365
0.435395 0.03477597 -0.01205829 0.4027635 0.05810329 0.4454607
0.4551703 -0.09475937 -0.04456506 0.3273819 0.01625684 0.4326556
0.4945573 -0.009000386 0.0140883 0.4534519 -0.02803489 0.4650401
0.4462565 -0.08230477 0.03323958 0.4682085 0.007238032 0.5100822
0.5125382 -0.1041478 0.1033097 0.5362109 -0.02078428 0.435612
0.4740697 -0.08522092 0.06988535 0.4355636 -0.06422102 0.4881667
0.4480838 -0.1309353 0.01525919 0.4189885 -0.01039626 0.4538895
0.4886606 -0.01376445 -0.02327969 0.4929108 -0.02923318 0.3926648
0.3798799 -0.02700397 0.006188265 0.4224255 0.02482825 0.4750235
0.3822104 0.03289611 -0.02603101 0.3853789 -0.07628508 0.3969402
0.442026 -0.02642941 -0.01821697 0.4053729 0.01693124 0.453431
0.4222668 0.004451558 -0.01959908 0.4847113 -0.03219506 0.4824872
0.547677 -0.002140642 -0.03608424 0.4800109 0.05085962 0.4868883
0.3473162 -0.04000775 -0.01171745 0.4062057 0.009989353 0.4337808
0.4247944 -0.01964947 0.01328895 0.3726129 -0.01412627 0.4695912
0.420648 0.01945184 0.01455439 0.3868189 0.01983192 0.4451075
0.4388816 -0.09471056 -0.003883112 0.4836497 0.0358582 0.4202536
0.529799 -0.04143742 -0.1075546 0.3298599 0.09057106 0.5979767
0.4062351 -0.008519354 0.00948768 0.5216614 0.04175919 0.4534485
0.3796313 0.002264033 0.01993085 0.4983033 -0.02597797 0.4325676
0.4573479 0.01943972 -0.01153581 0.3996669 0.008709501 0.4770299
0.4419307 -0.0360538 -0.001934985 0.4304651 -0.03729292 0.4542364
0.3779396 -0.02274279 0.01037227 0.4447471 0.002331158 0.3821878
0.4649197 -0.04852318 -0.08253092 0.3599174 0.03259761 0.5024954
0.3670517 0.03041036 -0.01778474 0.4625563 -0.005224487 0.5155448
0.506635 -0.1061885 -0.06745703 0.3651137 0.03461531 0.4164473
0.4849201 -0.04146128 0.004540312 0.3526482 0.0129917 0.4921978
0.3914818 0.01843894 0.005770497 0.3704848 -0.01096946 0.3949732
0.3829588 0.01270168 -0.04199429 0.3879974 -0.00404412 0.4926184
0.5058848 -0.0849703 -0.01611894 0.4171467 -0.009695808 0.4244495
0.4535799 -0.02064735 -0.02898615 0.4544899 -0.04863585 0.3735067
0.4243776 -0.001843606 -0.02732276 0.4031598 -0.03138119 0.4910636
0.3938812 0.00413232 0.01634555 0.4690527 -0.005882233 0.5053871
0.4198114 -0.006057861 0.004212344 0.3745116 0.03128419 0.4378834
0.3681182 -0.01816669 0.005163742 0.3557842 0.0175233 0.3856331
0.4668343 -0.01163619 -0.0003597619 0.459888 0.03137584 0.4883469
0.3680634 -0.02896727 0.002454455 0.3461411 0.01525556 0.3847606
0.4325712 0.005914939 0.007084267 0.3822137 0.0344696 0.4676321
0.4017749 0.001536852 -0.03574648 0.36619 0.03492362 0.4922578
0.3712364 -0.08461729 -0.02672944 0.5419998 0.07772169 0.4951436
0.4091084 0.01216486 -0.02458329 0.4348292 0.03719046 0.4741108
0.3818247 -0.05714692 -0.0379924 0.4573317 -0.02395005 0.4204279
0.4330574 -0.002125667 -0.0305029 0.3330442 -0.02768551 0.4483223
0.4786738 -0.05252059 -0.08401844 0.4336786 0.03143127 0.426043
0.5027829 -0.08628405 -0.08955655 0.4469531 -0.04898562 0.5003157
0.4795054 -0.005117346 -0.02793324 0.4805146 0.03049419 0.479705
0.4145381 0.05761592 -0.07218997 0.3660275 0.01631176 0.4034446
0.4408171 -0.03093254 -0.04558003 0.4071641 -0.001371499 0.4547024
0.6155347 -0.08857688 -0.05375407 0.3851334 0.01286942 0.4863163
0.4624448 0.01092459 -0.02946768 0.4809882 0.05551296 0.3649891
0.3387345 0.01543758 -0.02326277 0.408758 -0.01265506 0.4817589
0.4598753 -0.05672463 -0.05099482 0.4156795 0.01892553 0.5403806
0.4302613 0.002648291 -0.04583401 0.4196303 0.02415799 0.5022244
0.3826488 -0.02734346 0.004831971 0.4103574 -0.005479995 0.4178129
0.3593057 0.005598923 -0.02783324 0.4145687 0.03034942 0.4326482
0.407895 -0.04923492 -0.05133098 0.3725243 0.06146812 0.4336937
0.3901246 -0.08095949 -0.0491538 0.3660353 0.01155265 0.4038209
0.3961932 0.02492469 0.000400214 0.3979002 0.008830558 0.4002016
0.3677353 0.01733881 -0.01818357 0.4761324 0.02252033 0.5828239
0.4261678 -0.02747982 -0.02895881 0.3751117 0.0508361 0.4574239
0.5173943 0.006487082 -0.0390743 0.4243297 0.07168829 0.4710508
0.4596103 -0.05372655 -0.009061347 0.4020632 -0.04730173 0.4835832
0.4829346 0.02124891 -0.06403653 0.4106068 0.06840796 0.4344183
0.4455683 -0.04640686 -0.02852214 0.4259069 0.07584724 0.3831623
0.4786633 -0.04761705 0.0598745 0.4545578 -0.01898866 0.4161103
0.4279155 -0.08923201 -0.04574911 0.3857195 0.05925662 0.5095622
0.5172554 -0.04316757 0.01732138 0.3906614 0.07553588 0.4446309
0.3721768 0.01444436 0.01129107 0.316915 0.01912365 0.4817435
0.4971685 -0.01426522 -0.05279323 0.440461 0.04753537 0.4255971
0.479661 0.01608299 -0.04069168 0.3156304 0.03409706 0.4727631
0.3615474 0.009949586 -0.01863333 0.4192618 0.04490531 0.4371853
0.460109 -0.02612717 -0.05085324 0.3859671 0.03697848 0.4511284
0.4117148 -0.02067315 -0.007918446 0.3300844 0.04245281 0.3983619
0.4088022 0.02430068 -0.05221313 0.3313997 -0.02591329 0.4764487
0.3730975 -0.0226573 -0.01669852 0.3045364 0.03960196 0.4668829
0.4391192 -0.06019029 0.04080364 0.4300358 0.02778633 0.4871318
0.49645 -0.06427504 -0.01553249 0.4078673 0.0530031 0.4279783
0.4656387 -0.01736057 -0.04277415 0.4822378 -0.05162047 0.397523
0.4018084 -0.01780171 -0.05725172 0.396965 -0.04198795 0.4815685
0.3966785 -0.008022511 -0.03481371 0.3820786 0.06278125 0.4733439
0.5122914 -0.003307781 0.04800304 0.4189871 0.03009233 0.4704246
0.4608047 -0.008960662 0.02167777 0.4259844 0.03278446 0.4734922
0.4495001 -0.04421957 -0.01036111 0.4160655 -0.02492543 0.5082155
0.4304033 0.02423612 -0.01891177 0.3918259 0.05690094 0.482934
0.4704431 -0.04842721 -0.03692944 0.3943255 0.04624235 0.5475193
0.4514174 -0.0560225 -0.009259161 0.443403 0.0748379 0.4582424
0.4645036 0.01647725 0.002123953 0.3457589 0.05400215 0.4552713
0.4570809 -0.08266478 0.03332652 0.4858524 0.006058382 0.4576787
0.4542615 -0.05065067 -0.02785518 0.4004143 0.1071414 0.4905562
0.5134383 -0.01740484 -0.0137724 0.3762872 -0.00784958 0.4756607
0.4464033 -0.03376447 -0.03326565 0.4400294 0.003969432 0.4521856
0.4597674 -0.01155956 -0.03606642 0.3921537 -0.01423488 0.4376236
0.3844601 -0.036147 0.005143732 0.462138 0.02128551 0.4931044
0.3886529 -0.08022461 -0.02305518 0.572823 0.06590889 0.4596646
0.4559985 -0.03665443 -0.04898663 0.4172719 0.01724054 0.4589584
0.5324364 -0.06952604 -0.0004378477 0.3626647 -0.004214571 0.4932294
0.3827066 0.003079211 0.006820558 0.4281125 0.01147701 0.4917075
0.4399149 -0.05988087 0.02914885 0.4125091 0.02373385 0.3528055
0.472166 0.06221231 0.02854304 0.4114724 0.0009412168 0.4359129
0.4380209 -0.05560541 -0.0449024 0.3818025 -0.00334345 0.455925
0.4697306 0.003306448 0.02511464 0.5124726 0.1235158 0.457519
0.4480394 -0.009103164 0.007352319 0.3948099 0.01601321 0.4129687
0.3938466 -0.06057906 -0.03031141 0.3710429 0.04848733 0.3207504
0.461884 -0.07678824 -0.02718978 0.3900411 0.01072505 0.4839862
0.4205766 -0.05745205 -0.05005263 0.4340733 0.04030419 0.4181076
0.3946547 -0.04586558 -0.02474632 0.4017802 0.05105231 0.4338461
0.3428395 -0.0007536403 -0.003865445 0.4127486 0.00523364 0.3964996
0.428585 -0.05365202 -0.04363285 0.5070082 -0.018553 0.4031979
0.5809924 -0.02696276 -0.008086758 0.3835591 0.02401935 0.4258057
0.3907739 -0.02147584 -0.03406364 0.3958197 -0.01442044 0.4978755
0.3745522 -0.0727226 -0.028532 0.3633846 -0.04405857 0.397773
0.5136736 -0.05732108 -0.01971957 0.4560349 -0.03844837 0.4118575
0.4849975 -0.05129896 -0.05090134 0.4923853 0.008033561 0.474779
0.4454998 -0.03346788 -0.007513232 0.4869855 -0.03086617 0.5400285
0.5041091 0.01830714 -0.05749217 0.3997448 0.005778947 0.4893354
0.5074385 -0.06551432 -0.01934492 0.4028905 0.04409163 0.4052798
0.4972774 -0.04341766 -0.004570952 0.3701992 -0.005096912 0.3756585
0.3915069 -0.03284536 -0.02097971 0.4815064 0.03854468 0.4674943
0.4073729 0.007327475 -0.0630499 0.4180781 -0.08375892 0.4569864
0.5638038 -0.02097101 -0.03342731 0.3899974 -0.00845356 0.4943021
0.4374114 -0.03391837 -0.05191714 0.4402269 -0.04814603 0.4924811
0.3969395 0.01847739 0.01314854 0.3645375 -0.01304155 0.5521188
0.437021 0.001501017 -0.04971137 0.4040477 -0.0639116 0.5061815
0.4508958 0.02947112 0.02668433 0.3517592 -0.003812682 0.5017284
0.4388235 -0.0167754 -0.009501369 0.3981114 0.00635832 0.5116358
0.4384322 -0.0009178254 -0.01206296 0.3619621 -0.03063223 0.4384591
0.3944212 0.02046448 -0.02971685 0.418189 0.05437842 0.3471127
0.3527718 -0.002099316 -0.01681361 0.3924289 0.01292072 0.4229763
0.4327574 -0.02134398 -0.02495587 0.3959022 -0.03488563 0.5745884
0.4396021 -0.02597983 -0.01476007 0.3409687 0.0222895 0.4648558
0.4291158 -0.01356035 0.03227715 0.4057073 -0.001691734 0.4218836
0.3803619 0.01825251 -0.0397819 0.3254686 0.06294358 0.4080137
0.5191052 -0.03577724 0.03477645 0.391141 0.01535465 0.4147537
0.448114 -0.02305448 0.01380795 0.399631 0.0531556 0.3259721
0.4272301 0.01372433 -0.0673289 0.4112825 0.02078447 0.4398121
0.4059232 0.003655256 -0.01740219 0.4171902 -0.02271266 0.3947572
0.4056939 -0.02348086 -0.02762794 0.4280622 0.05543795 0.4305
0.5092836 0.007579925 -0.02912325 0.3759838 0.0381144 0.4484653
0.4220772 -0.04717005 -0.02342669 0.3577702 -0.006180481 0.4002243
0.3924239 0.01032503 -0.009751927 0.3444001 0.06347879 0.3902001
0.4812815 -0.03532442 -0.02201903 0.3378571 0.03167072 0.4723725
0.3822515 -0.05582018 -0.04233993 0.401609 -0.04710918 0.4453637
