0.0008196033
0.000824502
0.0009721499
0.0009308618
0.000737162
0.0008643438
0.0009726448
0.0009797194
0.001027917
0.000949876
0.0009639707
0.001032178
0.0009092191
0.0009794662
0.0009027097
0.001006704
0.001081079
0.001098929
0.0009528185
0.0009395386
0.0008955859
0.0008720396
0.0009980048
0.0009192985
0.0009231526
0.0009215241
0.0008592943
0.0008277326
0.0008222417
0.0007924124
0.0008295319
0.0007291783
0.0008253451
0.0008191303
0.0008169667
0.0007719224
0.0007831717
0.0007458685
0.0007440305
0.0007074301
0.0006281736
0.0006565086
0.0006198925
0.0005680653
0.0005437928
0.0006077169
0.0006177996
0.0006086551
0.000615815
0.0006047326
0.0006820512
0.000547832
0.000548452
0.000551655
0.0005344473
0.0004999231
0.0004782023
0.0004734127
0.0004963081
0.0005266582
0.0005046911
0.0005353441
0.0005122546
0.0005121421
0.0005610417
0.0006321009
0.0007178756
0.0007059775
0.0007052149
0.0007246635
0.0007126874
0.0007720977
0.0007850644
0.0007662761
0.0007155437
0.0007995593
0.0008247696
0.0008598945
0.0008955918
0.0009500678
0.001016393
0.001045451
0.001062538
0.001112132
0.001181639
0.001120599
0.001121819
0.001248969
0.00113022
0.001121648
0.0009504329
0.0008827761
0.0009291361
0.0008075847
0.0007468192
0.0007983458
0.0008395447
0.0008059976
0.0007536811
0.0007746433
0.0007528395
0.0007418169
0.0007473474
0.0007075541
0.0007032494
0.0007486431
0.0007252068
0.0008587318
0.0008892743
0.0009210514
0.0008924537
0.000857989
0.0007420479
0.0007474219
0.0006593062
0.0006858141
0.0006647746
0.0006267145
0.0006081377
0.000623054
0.0007661445
0.0007337598
0.0008318403
0.0008373426
0.000799712
0.0007622969
0.0007006656
0.0007067874
0.0006823426
0.0006698356
0.0006663141
0.0006523837
0.0006062947
0.0005816323
0.0006576161
0.0007731792
0.0007067501
0.0007546667
0.0007090033
0.0006749378
0.0006781849
0.0006744102
0.0005697565
0.0005473659
0.0005502666
0.0005584915
0.0006258332
0.0005497686
0.0004923982
0.000487282
0.0004532565
0.0004489287
0.0004668214
0.0004830867
0.0005867049
0.0005648447
0.0005693854
0.0005558869
0.0004695298
0.0004847439
0.0005007815
0.0005772192
0.0005747382
0.0005956064
0.0006432326
0.0007079503
0.0006741235
0.0007521773
0.0008410986
0.0008186266
0.000796512
0.0007914997
0.0007835832
0.0007200653
0.000623726
0.0006175752
0.0006396084
0.0006268998
0.0006236029
0.0005968191
0.000568716
0.0004931613
0.0004709676
0.000498353
0.0005225448
0.000445914
0.0004232826
0.0004446664
0.0004531697
0.000433219
0.000440783
0.000467835
0.0004129025
0.0004273156
0.0003919425
0.0003668008
0.0003754452
0.0003652652
0.0003966267
0.000382608
0.0004164625
0.0004092311
0.0003641732
0.0003815972
0.0003729171
0.0004141631
0.0004362455
0.000528185
0.0004806148
0.0004669631
0.0004699575
0.0004898787
0.0005126461
0.000491276
0.0004633489
0.0004802312
0.0005017032
0.0005927087
0.0005260959
0.0005575883
0.0006046534
0.0004708716
0.000478473
0.0004868743
0.0005176208
0.0005023271
0.0004660693
0.0005055502
0.0004455486
0.0004490537
0.0004726342
0.0004749463
0.0004908436
0.0005273739
0.0005062367
0.000425689
0.0004758654
0.0004722321
0.0004508443
0.0004564867
0.0004563039
0.000448577
0.000412623
0.0005019293
0.0005361675
0.0004182806
0.0004018608
0.0004476822
0.0004159228
0.0004238634
0.0004446775
0.000462472
0.0004940325
0.0004632791
0.0004808859
0.0004448883
0.0004613285
0.0004287928
0.0004348336
0.000433736
0.0004360727
0.0003879042
0.0003359096
0.0003331362
0.000317213
0.0002733107
0.0002849974
0.0002621266
0.0002911346
0.0003063039
0.0003589409
0.0003382513
0.0003643139
0.0003868119
0.0004356964
0.0003959521
0.0004657162
0.0004398424
0.0004573329
0.0004910231
0.0005287632
0.0004633979
0.0004676261
0.0004872097
0.0004375943
0.0004400443
0.0004839325
0.0004607608
0.0004671423
0.0005410998
0.0005037638
0.0004651412
0.0004541875
0.0004678408
0.0003887975
0.0003926614
0.0004073305
0.0003709899
0.0003623588
0.0003098105
0.000317986
0.0003530096
0.0003416969
0.0003628291
0.0003518617
0.0003575503
0.0003699696
0.0004418035
0.0004223673
0.0004069467
0.0004065185
0.0004587009
0.0004486617
0.0004362268
0.0003812385
0.0004410628
0.0003521082
0.0003806505
0.0003816809
0.0004440672
0.0003846901
0.0003965139
0.0003345525
0.000325563
0.000361809
0.0003451824
0.0004059652
0.0004649246
0.0004852463
0.0004694167
0.0004863805
0.0004857716
0.0004215631
0.0004103703
0.000451535
0.0004104743
0.0004280291
0.0004147477
0.0003965645
0.0004265711
0.0004861931
0.0005281128
0.0005855778
0.0006237239
0.0006931638
0.0006447955
0.0007334926
0.0006579243
0.0006568204
0.0007252289
0.0006567667
0.0007142052
0.0006863876
0.0006316518
0.0005710114
0.0006134477
0.0006648035
0.0006340634
0.000693153
0.0006959465
0.0007194876
0.0006912204
0.000583303
0.0005993722
0.0006379499
0.0006152933
0.0006217936
0.0006231657
0.000577859
0.0006379407
0.0006539295
0.0006607976
0.0006091169
0.0006794437
0.000668316
0.0007432208
0.0008226367
0.0008067362
0.0009595577
0.0009286354
0.0009246929
0.0009933076
0.001046314
0.001102326
0.0009167984
0.0009177423
0.0009000297
0.000874707
0.0008030014
0.000827263
0.0007765697
0.0007266834
0.0008153403
0.0008778474
0.00088219
0.0008818369
0.000989691
0.0008931906
0.0007312559
0.0007786907
0.0007274147
0.0008000217
0.0007267252
0.000789132
0.0007269476
0.0006345191
0.0007100595
0.0007459313
0.0008002588
0.0008328185
0.000827829
0.0008614042
0.0009077307
0.0009584147
0.0007942674
0.0006985351
0.0007250141
0.0007175063
0.0006911449
0.0007408984
0.0007248068
0.0006469379
0.0006270904
0.0005663187
0.0005445844
0.0005151531
0.0005720318
0.0005368936
0.0005134004
0.0005070895
0.0004948866
0.0005077977
0.0005218686
0.0005195508
0.0005845229
0.0005599424
0.0005506538
0.0006037351
0.0006134887
0.0006142195
0.0006121136
0.0005756773
0.0005991825
0.0005839507
0.0005172537
0.0005199668
0.0005474202
0.000503505
0.000507651
0.000549662
0.0005019917
0.000500253
0.0005653416
0.00051873
0.0005490121
0.0006323243
0.000745606
0.0007313058
0.0007662867
0.0007369714
0.0008097567
0.0009332775
0.0009564031
0.0009393724
0.0008960549
0.0009434738
0.0009911577
0.001018709
0.0008421359
0.0008107601
0.0007748763
0.0008235573
0.0008397591
0.0008626333
0.0009713928
0.0008170061
0.0008857167
0.0007863003
0.0007617661
0.0008293481
0.000786535
0.0006971029
0.0007319061
0.0007547508
0.0006861852
0.0006835874
0.0006367766
0.0006826565
0.0007212382
0.0006983787
0.0006597888
0.0007362159
0.0007845738
0.0008348908
0.0009112126
0.0008426647
0.0009248769
0.0009807057
0.0009061374
0.0008753927
0.0008261401
0.0008975053
0.0009032958
0.0008771557
0.0007408732
0.0007233349
0.0007220094
0.0006874515
0.00072598
0.0006505279
0.0006084401
0.0006768137
0.0006426001
0.0005767202
0.0006124122
0.0005978365
0.0006548259
0.0005424783
0.0005572851
0.0005812503
0.0006736299
0.0006782268
0.0007361315
0.0007383611
0.0006538206
0.0006057039
0.0005966981
0.0005486051
0.000582061
0.0005972452
0.0006395679
0.0005560008
0.0005632077
0.0005555054
0.0005723097
0.0005588767
0.0005899244
0.0005724478
0.0005526025
0.0005553871
0.0005082474
0.0005733248
0.0006857577
0.0007284696
0.0007886713
0.0006777077
0.0007155818
0.0008020976
0.0008348827
0.0006975909
0.0007631067
0.0008270472
0.0007898982
0.0007961164
0.0006954303
0.0007945148
0.0007428829
0.000773224
0.0007383469
0.0007872726
0.000749715
0.0007274343
0.0008119969
0.0007026742
0.0006534834
0.0006978361
0.0007782087
0.0007057694
0.0007669585
0.000674942
0.0007057705
0.0007888789
0.0007500676
0.0006069303
0.0007083382
0.0007385644
0.0007013083
0.000700879
0.0007653105
0.000690939
0.0006608639
0.000746378
0.0006503309
0.0006932222
0.0006967666
0.0006993584
0.0007730705
0.0007877823
0.000766566
0.0007823406
0.0006768078
0.0006381429
0.0005935575
0.0006723658
0.0006941061
0.0006299316
0.0006167011
0.0005475956
0.000480853
0.0004761237
0.0004383515
0.0004309535
0.0004527982
0.0004779907
0.0004418879
0.0004756687
0.0005081341
0.0005225898
0.0004394693
0.0004604441
0.0004694453
0.0004950513
0.0004786806
0.0004439242
0.0004775926
0.0004638918
0.0004427125
0.0004410031
0.0004665157
0.0004763025
0.0004230078
0.0004812041
0.000442911
0.0004769795
0.0005354256
0.0005917716
0.0005871796
0.0005755594
0.0005785596
0.0005545213
0.000536205
0.0005065482
0.000465578
0.0004538751
0.0004872993
0.0005313299
0.0005215663
0.0006369352
0.0006114469
0.0006276172
0.0007129774
0.0007323375
0.0008523423
0.0007802587
0.0007836828
0.0008250639
0.0008970932
0.0008624085
0.0009351918
0.0008322946
0.0006960112
0.0006995851
0.0008130047
0.0008095357
0.0007935132
0.0008177085
0.0006982527
0.0006506344
0.0006696778
0.000714724
0.0006317465
0.0006549721
0.0006164432
0.0006534626
0.0006837057
0.000638139
0.0006032806
0.0005426208
0.0005824305
0.0005709137
0.0005778832
0.0006469635
0.0006248537
0.0006594161
0.0006834801
0.0007377575
0.0007470642
0.0006093294
0.0005696197
0.0006822239
0.0006704304
0.0006243704
0.0006498159
0.0006554014
0.0007096179
0.0007439803
0.0008454582
0.0008486168
0.0008059324
0.0007069988
0.0007570754
0.0007062929
0.0005685521
0.0005277354
0.0005725559
0.0006108684
0.0006056405
0.0005603925
0.0005390936
0.0005255039
0.0005138842
0.0005093082
0.0005372011
0.0005449218
0.0004958186
0.0004807343
0.0004309959
0.0004066214
0.0004784913
0.0005039261
0.0004813898
0.0004643353
0.0005049614
0.0005595059
0.0005917871
0.0005578695
0.0005010006
0.0005075843
0.0004861877
0.0004593711
0.0004827221
0.0005242112
0.0005908377
0.0006052221
0.000536058
0.0005680746
0.000534213
0.0005285949
0.0005543075
0.0005136387
0.0004651813
0.0004440241
0.0004329462
0.0004349948
0.0003995571
0.0003933883
0.0003646021
0.000401911
0.0003915184
0.0003772981
0.0003801209
0.0003584484
0.0003320396
0.0003328012
0.0003046598
0.00030118
0.0003072056
0.0003791291
0.0004300951
0.0004553739
0.0004820432
0.0004628612
0.0004593941
0.0004870238
0.0004303271
0.0004548127
0.0003777778
0.000387625
0.0004036959
0.0003997358
0.0003569536
0.0003214734
0.0003257696
0.0003725961
0.0003816607
0.0003481376
0.0003419763
0.0003713068
0.0003655188
0.0003370556
0.0003301194
0.0003391304
0.0003914252
0.0004507844
0.0004469077
0.000470939
0.0004881054
0.0004735088
0.000481323
0.0004536384
0.0004802779
0.0005256217
0.0006784062
0.0006334262
0.0006211542
0.0006178302
0.0005588105
0.0006678907
0.0006233183
0.0006783057
0.0007140171
0.0008053199
0.0007825357
0.0007524891
0.0007045604
0.0007075307
0.0007068959
0.0006853464
0.0006398797
0.0007164549
0.0006859061
0.0007039138
0.0006649909
0.000766127
0.0007810016
0.0007831687
0.0007284164
0.0007840084
0.0007372398
0.0007981666
0.0008102871
0.0008262307
0.001067016
0.001241627
0.001283277
0.001079429
0.001031859
0.001052806
0.00102445
0.0008591538
0.0007599497
0.0007871065
0.0007764206
0.0006494294
0.0005991146
0.0006604695
0.000650733
0.0007518751
0.0006843821
0.0006165049
0.0006687287
0.0007535783
0.0008701526
0.0008451041
0.0008362147
0.0007302208
0.0006312684
0.0005667472
0.0005899268
0.0005914756
0.0005969199
0.0006175484
0.0005717814
0.0005560866
0.0006235888
0.0007110419
0.0007546873
0.0007431294
0.0006766046
0.0006664827
0.0006322466
0.0006917263
0.0006484214
0.0006463924
0.0006612036
0.0006531901
0.0005822117
0.0006100607
0.0006056135
0.000573258
0.0005571205
0.0006326671
0.0007038574
0.0008345395
0.0008510296
0.000794707
0.0007910104
0.0008027899
0.0006764908
0.0006832128
0.0006602954
0.0006650298
0.0007426348
0.0007626377
0.000714328
0.0007007206
0.0006347259
0.0006469268
0.0006095469
0.000666297
0.0006063168
0.0006039172
0.000623197
0.0006212234
0.0005704037
0.0006221101
0.000640434
0.0005700701
0.0005347546
0.0005748261
0.0005349543
0.0004798942
0.0005314644
0.000539494
0.0005339415
0.0005566564
0.000665355
0.0005985344
0.0005590884
0.0005233691
0.0005403448
0.0005522634
0.0005690477
0.0005552419
0.0005353014
0.0005043181
0.0004872452
0.0005239115
0.0005134488
0.0004381678
0.0004560213
0.0004834967
0.0004559394
0.0004210829
0.0004015548
0.000478695
0.0005556906
0.0005559299
0.000537449
0.0005521318
0.0005336563
0.000562202
0.0005730283
0.0005363784
0.0005181941
0.0005124623
0.000469387
0.0004276753
0.0004245007
0.0004295705
0.0005035329
0.000558152
0.0006150624
0.0006559611
0.0006321003
0.000654011
0.0006933785
0.0006226869
0.0006063521
0.000625706
0.0006073452
0.0006308536
0.0006112743
0.0006502905
0.0006399256
0.000561581
0.0006542313
0.0007367794
0.0007548297
0.0008725635
0.0008929386
0.0008613264
0.0008982122
0.0008355036
0.0009001503
0.0009040809
0.0009381166
0.0008960765
0.0008085342
0.0007895366
0.0008491929
0.0008776746
0.0008502987
0.0008484625
0.000837101
0.0009478714
0.001032453
0.001129233
0.001128656
0.0008683707
0.0008192136
0.0008512616
0.0008790104
0.0008864974
0.0008958989
0.0008831021
0.0007901476
0.0008619096
0.0007945166
0.000804089
0.0009655593
0.0009808896
0.001041114
0.0009425614
0.0009539808
0.0009281033
0.0008863829
0.0009289324
0.0009003951
0.0009407153
0.0009069011
0.0009532653
0.001067189
0.0008331877
0.0007745535
0.0009649879
0.000898831
0.0009074112
0.0008623805
0.0008532796
0.0008790846
0.0007152355
0.0007425756
0.0009102022
0.0009201841
0.0008902404
0.0007379713
0.0007070811
0.0006928354
0.0006954405
0.0005973962
0.0006028893
0.0005812491
0.0006165916
0.0006182022
0.0006020918
0.000561119
0.0005240975
0.0005064408
0.0004844045
0.0005155298
0.0005423634
0.0005584325
0.0005323161
0.0005528977
0.0005183215
0.0006023152
0.0005179251
0.0004762732
0.000498101
0.0004906284
0.0005366102
0.0005010279
0.0005716238
0.0005873208
0.0005631169
0.0005535185
0.0005449615
0.0005373577
0.0004588498
0.0004712556
0.0004829897
0.0005678848
0.00063172
0.0006823573
0.0006762198
0.0006943453
0.0007289429
0.000751748
0.0008017547
0.0007615112
0.0007472577
0.0007697312
0.0008097748
0.0007456135
0.0007522481
0.0007158453
0.0006700544
0.0006214578
0.00050158
0.0004926717
0.0004564211
0.0004462987
0.0005599199
0.0005609265
0.0005302797
0.0004991087
0.0004852197
0.0005012575
0.0005026634
0.0005659975
0.0005289511
0.0004979401
0.0004454579
0.0004734395
0.0004993442
0.0004647959
0.0004702839
0.0004711855
0.000458496
0.0004466852
0.0004419005
0.0004439686
0.0004373083
0.000377532
0.0004119596
0.0004432363
0.0003797395
0.0003726637
0.0003586991
0.0003896135
0.0003755197
0.0003963757
0.0004500314
0.0004931266
0.0004455039
0.0004165474
0.0004397676
0.0004406014
0.0005235624
0.0005009878
0.0005117395
0.0005743428
0.0005643942
0.0005458561
0.0005342137
0.0005289734
0.0004848606
0.0005349286
0.000536551
0.0005731465
0.0005484001
0.0006281158
0.000560105
0.0005548884
0.0005636811
0.0005963029
0.0005950769
0.0005547545
0.0005563387
0.0005186796
0.000477578
0.000468872
0.0004556486
0.0004747118
0.000466206
0.0004688375
0.0004934125
0.0004803253
0.0004554731
0.0004579611
0.0004103889
0.0004200121
0.0004050829
0.0004535516
0.0005349696
0.0005983274
0.0006502978
0.0006288317
0.0006882254
0.0006934206
0.0006634891
0.0007986657
0.000764113
0.0008251643
0.0007613766
0.0006723879
0.0005698224
0.0005723582
0.0006695671
0.0007856609
0.0008121294
0.00094434
0.0009129842
0.0008169902
0.0007336663
0.0006775166
0.0007287908
0.0006989021
0.0006678757
0.0006522174
0.0005534864
0.0005134164
0.0005260408
0.0005613824
0.0006898378
0.0006933777
0.0006297423
0.0006475502
0.0006171354
0.0006555752
0.0005999324
0.0005112812
0.0004949095
0.0005066053
0.0004501505
0.0004080687
0.0004396336
0.0004737426
0.0004816518
0.0005227928
0.0004224319
0.000407769
0.000416194
0.0004158573
0.0004340477
0.0004882559
0.0005068839
0.0005164919
0.0004648628
0.0004751934
0.0005506403
0.0005797298
0.0006319496
0.000663576
0.000593171
0.0006121468
0.0006211776
0.0006198892
0.0006053345
0.0006555854
0.0006181607
0.0006395128
0.0006370544
0.0007051606
0.0006448259
0.0006683644
0.0005707875
0.0004797302
0.0005176848
0.0005592483
0.0005075495
0.0006090095
0.0005635417
0.0005542484
0.000492573
0.0005294744
0.0005106991
0.0005119238
0.0005550401
0.0005265985
0.0004656587
0.0005655186
0.0006463369
0.0007101333
0.0007144042
0.0007704592
0.0007894121
0.0007822004
0.0007744727
0.0008243711
0.0008873786
0.0008216913
0.0008145706
0.0007711712
0.0007534629
0.0007739208
0.0008131749
0.0006885663
0.0007742399
0.0007447897
0.0007844124
0.0007968432
0.0008045464
0.00077852
0.0007389502
0.0006033302
0.0007063855
0.0006825293
0.0007320668
0.0006974979
0.0007520788
0.0007555169
0.0007608683
0.0007651169
0.0007744266
0.0008085016
0.0008691214
0.0007880982
0.0007328822
0.0008070558
0.0006675714
0.0007217649
0.0006794019
0.0006176693
0.0005647524
0.0005666127
0.0005762156
0.0005823156
0.0006504447
0.0007020735
0.0007134683
0.0008046163
0.0007660939
0.0007760515
0.0007812031
0.0008921272
0.0008467008
0.0007763395
0.0007687788
0.000816823
0.0006914109
0.0006944875
0.0006877453
0.000713181
0.0006043711
0.0005475185
0.0005105942
0.0004861005
0.0004831989
0.0004530333
0.0004899308
0.0004906494
0.0004868442
0.0004512833
0.0004590857
0.0004082439
0.0003980785
0.0004185579
0.0003950996
0.000373376
0.0003606174
0.0003587861
0.0003711886
0.0003794116
0.0003325826
0.0002898341
0.0003125231
0.0003133757
0.0003169437
0.0003238265
0.0003561846
0.0003553014
0.0003554364
0.0003315214
0.0003742224
0.0003640285
0.0003629986
0.0003533364
0.0003492138
0.0003769959
0.0004131532
0.0003982674
0.0004105205
0.0004048327
0.000399747
0.0003899112
0.0003681272
0.0003501462
0.0003481899
0.000348524
0.0003451116
0.0004210451
0.0004359969
0.0004787596
0.0004497302
0.0004567461
0.000482384
0.0005339276
0.0005240348
0.0005445361
0.0005896951
0.000667713
0.0008136244
0.0008720575
0.0008211415
0.0008690717
0.0008180056
0.0007420357
0.0006786512
0.0006238196
0.0006957002
0.0006408159
0.0007078773
0.0007864401
0.0008169037
0.0008231186
0.0008611787
0.0008416022
0.000915273
0.0009695437
0.0009287181
0.0009148649
0.0008145813
0.0008051933
0.0009111109
0.0008243025
0.0008413875
0.0008008649
0.0007997626
0.00070161
0.0006559155
0.0006447448
0.000638594
0.0006082344
0.0006948277
0.0005903431
0.0006076205
0.0005986698
0.0005750982
0.0005416881
0.000582413
0.0005270539
0.0005827555
0.0005917922
0.0005002993
0.0004972758
0.0004926113
0.000453551
0.0003865163
0.0004449463
0.0004405779
0.0004247434
0.0004547323
0.0004158814
0.0004156705
0.0004176628
0.0003867153
0.000416852
0.0004019593
0.0003901745
0.0003860317
0.0004112393
0.0003868189
0.0003873831
0.0004120064
0.0004087519
0.0003893753
0.0003945869
0.0003528345
0.0003979488
0.0004423781
0.0004341448
0.0004658189
0.0005252159
0.0005512741
0.0006059297
0.000590825
0.0005963348
0.0006478195
0.000593089
0.0006263147
0.0005919924
0.0006168532
0.0006493721
0.0006534964
0.0007308565
0.0007338884
0.0006662022
0.000661751
0.0005847335
0.0006034288
0.000654317
0.0006360323
0.0006140395
0.0006376339
0.0005554292
0.0005658645
0.000571215
0.0005238203
0.0006125134
0.0005775545
0.0005114079
0.0005013513
0.0005328174
0.0006201451
0.0006718532
0.000739937
0.0007064824
0.0007070392
0.0008262408
0.0007537408
0.000735314
0.0006681616
0.0006705049
0.000744011
0.0007987567
0.0008327432
0.0008311614
0.0008261928
0.0009174715
0.0009580162
0.00106218
0.0009643606
0.001116588
0.001196739
0.001111258
0.001237837
0.001441185
0.001338934
0.001282201
0.001247954
0.001296626
0.001367419
0.001289219
0.001240765
0.001293805
0.001126624
0.001220512
0.001170155
0.001154182
0.0009961766
0.0009966091
0.001007905
0.001050624
0.001114497
0.001148108
0.0009975089
0.001200362
0.001139535
0.001021521
0.0009776234
0.0009257311
0.0008966266
0.001027964
0.001112288
0.001041499
0.001014876
0.000990431
0.0008627911
