0.1904692
0.1477238
0.1362161
0.2218748
0.2616221
0.1548303
0.2005455
0.1816974
0.3184628
0.2029149
0.2777495
0.1782907
0.1406869
0.1996517
0.3714762
0.249234
0.1963888
0.288087
0.1066116
0.08358262
0.1570441
0.2273061
0.2200582
0.151861
-0.02526484
0.0726167
0.09305051
0.2287066
0.003418274
-0.0605964
0.1941055
0.08715138
0.07684024
0.1428582
0.2528697
0.1972523
0.0569218
0.1528196
0.1918597
0.3331291
0.1883543
0.2367898
0.09668674
0.2167667
0.1348402
0.212388
0.12482
0.1803825
0.06623456
0.2977905
0.2554423
0.09812945
0.13295
0.1850985
0.2328833
0.1132617
0.1011761
0.2892967
0.1884157
0.1682217
0.2791142
0.2225628
0.2463864
0.3192722
0.1379974
0.1217099
0.2391504
0.1266623
0.2383575
0.2555079
0.2097412
0.1850246
0.1725847
0.3157184
0.1074505
0.1118935
0.0779944
0.2838663
0.2626875
0.2502528
0.2489952
0.2245434
0.2987881
0.1787526
0.3478886
0.1903928
0.2439726
0.1606679
0.1946823
0.1705561
0.2604678
0.4590248
0.293891
0.3385862
0.262231
0.2903928
0.1328593
0.03076242
0.1293093
0.2000511
0.2508852
0.1396163
0.3284571
0.2787972
0.1889879
0.2389378
0.3813971
0.2316702
0.1491465
0.1842492
0.1337538
0.06589535
0.2250836
0.3110165
0.2012889
0.175436
0.07992523
0.1215299
0.1265189
0.1556667
0.2322678
0.2848223
0.199223
0.1699126
0.2367368
0.06225831
0.1886154
0.2386972
0.1521903
0.2683016
0.1980484
0.1424284
0.1945034
0.178397
0.2727621
0.156516
0.1818284
0.2728505
0.09349135
0.2562167
0.1567153
0.1721256
0.2618942
0.1583906
0.02804841
0.05947905
0.1879017
0.0787478
0.2748841
0.1877915
0.1089796
0.2441993
0.238939
0.2534285
0.1756173
0.2445129
0.1349368
0.01693132
0.2382777
0.2065029
0.1461207
0.1136521
0.205203
0.0435947
0.1573353
0.2481043
0.2570571
0.1994841
0.09557245
0.1122972
0.1311702
0.08454648
0.2198236
0.129405
0.01390868
0.2163438
0.193002
0.1429094
0.1498584
0.1022926
0.07069869
0.2072862
0.1854517
0.2025482
0.270183
0.1451852
0.1599153
0.09208798
0.1996751
0.3531085
0.246495
0.2298198
0.1323407
0.2080944
0.1673442
0.2066627
0.1593397
0.3405627
0.1843024
0.2765342
0.2787889
0.1610281
0.1982799
0.275981
0.04229528
0.1471717
0.1032198
0.03342695
0.1847236
0.2201181
0.2348069
0.2591394
0.2126917
0.06904928
0.05146821
0.2963903
0.07611719
0.1055801
0.123027
0.1227217
0.1626556
0.2155591
0.1695653
0.2688269
0.2080673
0.2633711
0.203283
0.207139
0.2380674
0.1453856
0.2847843
0.1937655
0.0474815
0.05822515
-0.04341161
-0.09101414
0.07006017
0.1008084
0.1671953
0.2536254
0.1283731
0.1745183
0.2152974
0.09916708
0.1557197
0.124654
0.1648575
0.01362196
0.1517423
0.1128151
0.2296173
0.04585008
0.2139603
0.211394
0.2987517
0.2119448
0.1525727
0.130955
0.1353501
0.1643637
-0.0531894
0.1003909
0.174482
0.1216077
0.1910438
0.1800736
0.2173026
0.2267118
0.01612251
0.047675
0.2337526
0.2368482
0.06475864
0.3019745
0.1940556
0.1165887
0.2335188
0.1296442
0.2645143
0.2416325
0.04530045
0.1073971
0.1583123
0.1837847
0.1233627
0.2118376
0.1932133
0.03202731
0.1483633
0.2666349
0.3983162
0.2981421
0.1054407
0.09965854
0.1469388
0.1382733
0.129627
0.04132072
0.3064345
0.07944407
0.06083911
0.1428266
0.1410152
0.2765297
0.1510291
0.1394266
0.1264103
0.2949054
0.1079746
0.1232613
0.249284
0.2284208
0.3265841
0.1752079
0.06614857
0.0923705
0.2181194
0.2495545
0.2554974
0.07320938
0.09413475
-0.01552916
0.2865349
0.3697911
0.3272145
0.2253111
0.2563074
0.185561
0.1272415
0.1061521
0.1152263
0.1181818
0.2757579
0.1929247
0.1537188
0.1440492
0.1937163
0.3150243
0.1589072
0.2089979
0.1052332
0.1432442
0.2323107
0.1720993
0.1876389
0.2180971
0.08418064
0.2422163
0.3871673
0.3301027
0.3685446
0.3290184
0.1816146
0.2283959
0.16027
0.06790193
0.1774396
0.1981064
0.1831736
0.1449638
0.08273045
0.1109642
0.1874491
0.2504145
0.2842291
0.1449441
0.1894119
0.2797033
0.1610725
0.09686032
0.1903717
0.1949444
0.1896175
0.2300581
0.2283561
0.0694141
0.1548407
0.08145411
0.1220861
0.1211474
0.167513
0.2400062
0.1662697
0.4171587
0.1891285
0.2354776
0.08517747
0.2598343
0.1029549
0.1841056
0.1874732
0.182675
0.1469823
0.1919673
0.293941
0.1943212
0.1533655
0.1252037
0.3271103
0.1780499
0.3561809
0.1613108
0.210463
0.1151419
0.1668281
0.2184016
0.3026083
0.1975577
0.1193784
0.2268481
0.2105305
0.1849781
0.3341581
0.2354558
0.2369203
0.1029434
0.1991635
0.1436326
0.1596039
0.03089707
0.1820154
0.1750145
0.1457716
0.120499
0.1631971
0.1102827
0.1779054
0.30877
0.2827897
0.1668668
0.1175526
0.203364
0.07767883
0.1712059
0.1257085
0.09459137
0.1446497
0.2410934
0.1444126
0.02826842
0.05696846
0.2211781
0.2633914
0.192806
0.2582822
0.1917578
0.1214261
0.1930561
0.1626187
0.1270565
0.2197343
0.2199423
0.1807775
0.2128158
0.1730233
0.208812
0.1950061
0.2936679
0.2047461
0.3318206
0.1837463
0.1883237
0.1550979
0.3515435
0.2029132
0.1142065
0.1155074
0.20318
0.2491933
0.1806782
0.1720193
0.1635081
0.00704831
0.1285233
0.1031403
0.1301556
0.1525932
0.229015
0.1439064
0.2147043
0.1502817
0.1210281
0.3010405
0.1105315
0.1710519
0.05669616
0.1195177
0.2204416
-0.05416926
0.2580662
0.07393259
0.1819686
0.215501
0.127256
0.1263634
0.1408879
0.002752956
0.09038057
0.224723
0.1896194
0.2214586
0.1958729
0.1708573
0.1060958
0.235211
0.1034585
0.1158821
0.2214999
0.2223274
0.1452285
0.08480889
0.2449025
0.06408704
0.1486289
0.2283499
0.1795624
0.1301078
0.2745773
0.09509978
0.2820099
0.2057934
0.2692448
0.2511818
0.1231244
0.1422818
0.2216849
0.2404157
0.1261829
0.3274714
0.2222238
0.1943795
0.2741627
0.06706219
0.0165639
0.07192488
0.1007425
0.06913708
0.2197653
0.241764
0.1553802
0.1217253
0.3034973
0.3298969
0.1329923
0.06043933
0.1762976
0.2031934
0.1967341
0.2003514
0.1115558
0.1303882
0.1341758
0.1449353
0.268028
0.2083083
0.1966267
0.05895273
0.1298956
0.1411917
0.1145579
0.1731727
0.1627644
0.1647086
0.02460956
-0.02077735
-0.0001827654
0.3119998
0.3378281
0.3482552
0.2080856
0.2134849
0.1768016
0.2414417
0.2320321
0.2229794
0.174028
0.1590209
0.1262981
0.1379249
0.02389889
0.101995
0.05682933
0.1326603
0.1631454
0.2399795
0.1750924
0.07720032
0.173378
0.1515055
0.0728385
0.3265414
0.1738926
0.2701678
0.1893402
0.2728969
0.2669066
0.173608
0.1474446
0.03509463
0.1671273
0.2697838
0.1541036
0.1814906
0.240399
0.1730187
0.212977
0.1334274
0.2109626
0.1684786
0.24434
0.2951798
0.192961
0.1617591
0.1445479
0.1783157
0.3301121
0.1619901
0.1302207
0.2896807
0.2900512
0.1691344
0.147634
0.1449807
0.1743561
0.09720879
0.07541039
0.12911
0.01224738
0.1291725
0.190297
0.2720632
0.09203856
0.2619569
0.179367
0.3249943
0.1967946
0.1487229
0.1953968
0.1825625
0.1351683
0.1024327
0.2006649
0.2012644
0.2423549
0.1971278
0.1312817
0.2751078
0.05601904
0.1855047
0.06984736
0.2170625
0.06759296
0.3207212
0.2390815
0.2030997
0.1923876
0.2235556
0.02793727
0.06496342
0.1589651
0.3804481
0.2497533
0.2898841
0.172742
0.2221923
0.3399183
0.2380995
0.1725472
0.3889252
0.2946026
0.1265276
0.2187136
0.205308
0.1435615
0.2453146
0.1444539
0.1844674
0.1736775
0.1113395
0.2437675
0.1540497
0.2845887
0.1327841
0.09319213
0.161007
0.1112418
0.2479376
0.2102366
0.1717889
0.2140917
0.2220905
0.1440235
0.1221922
0.2085468
0.2808158
0.2498777
0.2236944
0.2111384
0.1587561
0.320142
0.1479123
0.2679833
0.2126689
0.169056
0.04639034
0.09279679
0.2327616
0.1763311
0.2266777
0.1718232
0.2047303
0.08557613
0.2274529
0.2667165
0.2342618
0.2431177
0.155425
0.2335808
0.2070074
0.1504198
0.1195194
0.1586222
0.1604154
0.1579371
0.1203615
0.09468748
0.1402762
0.2313003
0.1012267
0.2076854
0.3226712
0.2797159
0.4103115
0.1606558
0.2246829
0.2028721
0.2645554
0.1878069
0.1797193
0.07635648
0.086519
0.2567534
0.1824647
0.1707007
0.0283075
0.2302428
0.1211935
0.2050285
0.3203495
0.1761547
0.3201793
0.2943552
0.2345916
0.1681006
0.2280517
0.2684174
0.1865379
0.04035007
0.05758739
0.1859377
0.1136076
0.1539301
0.1875028
0.02780065
0.2195113
0.08533659
0.4926835
0.2168126
0.07683891
-0.01030279
0.07060656
0.06288175
0.1042113
0.1333911
0.2003028
0.03148813
0.2935928
0.2323422
0.1466182
0.1834535
0.265865
0.2508439
0.1176489
0.1107294
0.1474464
0.1907829
0.2299194
0.3511744
0.08404556
0.2177435
0.222488
0.163299
0.133321
0.2300103
0.1945296
0.134564
0.1123705
0.2027248
0.1752135
0.110002
0.0931343
0.2575736
0.1360284
0.196467
0.1563126
0.009749141
0.1149919
0.2254772
0.2313786
0.2373512
0.1934289
0.02275739
0.2708688
0.2537421
0.2394961
0.1066826
0.06244855
0.08151656
0.07905112
0.08534849
0.1213095
0.0590563
0.1280682
0.2241342
0.08054434
0.03815287
0.1713583
0.106242
0.1697303
0.1397881
0.1144993
0.07822937
0.08419031
0.2347553
0.1793792
0.1689878
0.1502369
0.1161572
0.1865899
0.09643464
0.2623822
0.2071987
0.377557
0.1767012
0.1291116
0.08094942
0.1750937
0.242264
0.2085812
0.2361031
0.2319796
0.1147088
0.1167731
0.3187126
0.2762509
0.2067394
0.1802257
0.1259224
0.1721675
0.3300979
0.2414708
0.1654995
0.4161656
0.16873
0.1081091
0.1459732
0.1966754
-0.04039686
0.1909383
0.2501345
0.1074801
0.03390559
0.1723188
0.09945236
0.1729826
0.1989829
0.1022133
0.01905978
0.1765736
0.1820461
0.2132002
0.1468136
0.2761317
0.2719333
0.1768468
0.1540013
0.1631886
0.1761739
0.1390706
0.1040515
0.1540155
0.1446224
0.06776303
0.2019511
0.2646328
0.2585405
0.1326344
0.1199819
0.07099946
0.1731442
0.06915975
0.1527499
-0.01950757
0.08921025
0.1183645
0.04403574
0.1395451
0.1885375
0.1223044
0.02525965
0.2881937
0.2818032
0.1234578
0.1357025
0.1093949
0.1756827
0.008430142
0.04608394
0.09080505
0.2408722
0.1032799
0.1698615
0.1914301
0.1741157
0.3249659
0.1761584
0.1699419
0.2580463
0.2819254
0.2417206
0.3530814
0.1983992
0.1166971
0.1985075
0.2142295
0.2154414
0.05776252
0.153549
0.1144784
0.2503321
0.2506173
0.1950134
-0.01402414
0.1909779
0.3469092
0.1733764
0.2405321
0.2907212
0.252883
0.3000197
0.2050284
0.2027671
0.2884316
0.1803061
0.1087449
0.1350655
0.3777485
0.2228326
0.06406957
0.1920179
0.1676533
0.3622573
0.2642325
0.1530525
0.1145072
0.2412968
0.3504101
0.2648234
0.16136
0.2111897
0.07527579
0.1756503
0.1241139
0.2604768
0.205991
0.1024063
0.2133635
0.1759916
0.1570543
0.08989636
0.09799632
0.1985621
0.2601836
0.2315887
0.3037335
0.08468563
0.03847083
0.2051085
0.06209401
0.08344654
0.1664908
0.2479606
0.2245095
0.2191386
0.3078914
0.1230197
0.1943104
0.298851
0.1834876
0.2470736
0.08177327
0.2851926
0.1381138
0.2118745
0.1789843
0.2726961
0.08596089
0.1527225
0.1956013
0.2323441
0.207813
0.1506931
0.1844497
0.1933725
0.1865246
0.1575738
0.3592332
0.1632398
0.2785258
0.2751707
0.223493
0.1691596
0.1667169
0.3230906
0.3071461
0.4098505
0.245598
0.1441266
0.2920488
0.1774101
0.3403731
0.1863758
0.2524567
0.2416478
0.1431476
0.09244556
0.1500187
0.273545
0.2201177
0.08354945
0.2732264
0.1658753
0.128118
0.1412488
0.1410082
0.218077
0.09982002
0.3130257
0.3416506
0.1899688
0.1284432
0.2964901
0.05017555
0.1906464
0.1181828
0.1491905
0.07566874
0.2512642
0.2952533
0.2088777
0.1395967
0.1520246
0.2138895
0.2737948
0.1052925
0.005632523
-0.01531761
0.1106417
0.236613
0.2569483
0.1468166
0.1826025
0.1666379
0.2624669
0.1744138
0.3340759
0.2383422
0.09169028
0.2711514
0.09429034
0.06064102
0.2177479
0.2153945
0.2715026
0.1346191
0.212747
0.2034582
0.1801114
0.1621404
0.2131635
0.03651483
0.1117034
0.2429924
0.1130403
0.2119641
0.1154659
0.244349
0.1091187
0.1859987
0.2133088
0.1769827
0.1094464
0.1458568
0.136714
0.1234557
0.1747196
0.08417269
0.1276676
0.2196631
0.1836747
0.1466338
0.3517134
0.1252111
0.1487805
0.1244456
0.08504484
0.02964572
0.09785529
0.06579192
-0.01369636
0.2205893
0.007582988
0.2741268
0.3029811
0.3594057
0.4245432
0.1625167
0.1933737
0.2041371
0.3136134
0.1082307
0.2037301
0.1497596
0.03576699
0.2765168
0.2940759
0.1473134
0.186347
0.2207924
0.1005185
0.228777
0.1888966
0.2751707
0.221819
0.1002652
0.1288357
0.1732028
0.1906679
0.1955171
0.3325962
0.1097343
0.3204541
0.1721367
0.2377277
0.2594957
0.08992309
0.2005384
0.04667402
0.2005893
0.222323
0.2062306
0.03660262
0.04444983
0.1838703
-0.01956751
0.1536281
0.1161968
0.301704
0.1678168
0.2039987
0.245947
0.07953554
0.354848
0.07793782
0.1276107
0.185448
0.1188823
0.2061543
0.1699772
0.04820016
0.1446721
0.1403415
0.1160659
0.204197
0.1302726
0.1942702
0.3760546
0.3425348
0.1691358
0.168541
0.1609985
0.1978075
0.2174149
0.1463618
0.1343441
0.1735685
0.2114982
-0.01422059
0.1855444
0.07479025
0.1011415
0.2206506
0.1954634
0.08664009
0.1734297
0.2399918
0.2176477
0.1919337
0.213774
0.1367541
0.08482895
0.1880267
0.2710829
0.2135714
0.2325254
0.1863043
0.1476712
0.2865409
0.1502817
0.1319657
0.04576005
0.2146354
0.2774322
0.2815058
0.1851893
0.2295706
0.09883528
0.153237
0.04897132
0.1122326
0.1278184
0.2609482
0.1914831
0.1181435
0.1185856
0.0932514
0.1296515
0.2029289
0.2039865
0.3412508
0.2097963
0.2644338
0.3119096
0.1563862
0.19336
0.2849691
0.2396935
0.2371189
0.1372703
0.1859526
0.1754079
0.2072769
0.0886917
0.06676454
0.1323848
0.05773324
0.2311458
0.2417867
0.1368069
0.1144521
0.1064337
0.222585
0.2203832
0.1383557
0.2568348
0.2022803
0.1308489
0.32406
0.1215001
0.0905469
0.2328627
0.2792292
0.2272141
0.1896438
0.2890153
0.2508255
0.2710005
0.1420032
0.1031196
0.06107431
0.09127625
0.1680216
0.2109363
0.195223
0.152723
0.07435445
0.2751279
0.1303902
0.1408098
0.1538983
0.1484174
0.2223381
0.1185422
0.2733519
0.19577
0.2575848
0.180931
0.01297775
0.1259614
0.1553237
0.1144121
0.1172835
0.2204741
0.2938567
0.05306034
0.1865556
0.2222746
0.2082733
0.04143081
0.134708
0.04149738
0.08403982
0.1618388
0.1357261
0.1427955
0.1787838
0.09106324
0.206966
0.2519833
-0.006034723
0.04971115
0.03990704
0.1276495
0.1383561
0.110678
0.05032106
0.05215125
0.1246397
0.1634342
0.2988196
0.2871702
0.1124206
0.2265552
0.1510343
0.1848212
0.2025746
-0.1242607
0.335576
0.2859247
0.1911762
0.1787344
-0.02838586
0.1899086
0.207595
0.1985138
0.2612771
0.07675779
0.2369484
0.3292881
0.2147975
0.3031911
0.3001106
0.2436253
0.3198639
0.304778
0.1873084
0.3371019
0.2189756
0.3094284
0.3262504
0.2281397
0.2594443
0.1255512
0.1379666
0.1168942
0.1992152
0.1822968
0.1929734
0.2868151
0.3606211
0.2590075
0.1770368
0.2347687
0.1808241
0.1572093
0.1047196
0.1583707
0.1108412
0.1618776
0.1940207
0.1114193
0.09204028
0.1835762
0.2931849
0.2635329
0.1742198
0.3110661
0.2676696
0.2007204
0.1752447
0.1263286
0.2703371
0.3129299
0.2082253
0.1829304
0.1755415
0.1733149
0.1686161
0.09464771
0.1033828
-0.00313844
0.1471909
0.1988478
0.1801791
0.2103121
0.1077006
0.190951
0.09538747
0.09897817
-0.05968641
0.09612859
0.1796143
0.1135431
0.1186175
0.2550755
0.202501
0.1969074
0.1984398
0.05333007
0.149215
0.05709988
0.1235424
0.2602416
0.2743043
0.2763682
0.2675937
0.1634084
0.1606498
0.2291246
0.1698124
0.1733187
0.1127092
0.1474571
0.2345979
0.1089722
0.3832384
0.2739403
0.3100664
0.1055083
0.1690245
0.2449675
0.1047857
0.07850508
0.1475398
0.2766954
0.1437336
0.2675914
0.2577276
0.1528076
0.06378945
0.3318005
0.2170455
0.2151579
0.168959
0.2463834
0.2087492
0.2277955
0.2376747
0.1677652
0.2128052
0.05943939
0.08587651
0.122703
0.08299653
0.1948974
0.3675327
0.1216342
0.05697036
0.1900125
0.1362887
0.227359
0.2772006
0.2256552
0.04182205
0.1472992
0.06235999
0.2496686
0.3186875
0.2659067
0.3469468
0.2548933
0.1515008
0.1499944
0.3078715
0.2072665
0.07942938
0.2927783
0.14434
-0.0002411036
0.1287025
0.1016848
0.06861362
0.2170949
0.2725797
0.175502
0.1657384
0.08078814
0.1697544
0.2104328
0.201419
