0.9183435
0.9439201
0.9086923
1.066471
1.023594
1.230858
1.040209
1.238994
1.195079
1.054823
1.213752
0.8703066
1.004323
1.144075
0.9968981
1.02046
0.955688
1.101457
1.054795
1.019774
1.093576
1.173532
1.291247
1.159652
1.34018
1.088776
0.9442007
1.095023
1.089433
1.121888
1.190545
0.9639845
1.008217
1.042062
1.201806
1.204219
1.119092
1.251853
1.037201
1.01344
1.196297
1.236135
1.040574
1.090991
1.066254
1.06332
1.141549
0.9485446
1.04085
0.809603
1.074963
0.8024304
1.049753
1.097522
1.295075
1.092862
1.050787
1.002943
1.000207
1.227357
1.398609
0.9654411
1.012897
1.127984
1.077458
1.105853
1.008091
1.117638
1.096871
1.1341
1.077163
1.094724
1.080568
0.9942196
0.9283051
1.157506
1.026256
1.014666
1.037868
1.086553
0.7858198
1.000187
1.218855
1.031934
1.013029
1.065501
1.080114
1.02618
1.127836
1.134552
1.166386
1.097305
1.144445
1.205598
1.045353
0.853544
1.065123
1.034124
0.9818736
1.046793
1.118402
1.065422
0.9453679
1.076806
1.139144
1.033271
1.023413
1.047976
1.094764
1.147839
1.261654
1.080419
1.096605
0.9626504
0.8362669
1.027668
0.9251437
0.9781726
1.076593
1.265868
0.9967783
0.9513774
1.167197
1.199037
1.036295
1.230458
1.048239
0.9558169
1.329242
1.293906
1.20313
1.309161
1.050254
0.8181403
0.9126323
1.021165
1.083734
1.03218
1.036098
1.03255
1.199986
1.091944
1.152113
1.231625
1.23731
1.063594
1.00733
1.213311
1.077896
1.290926
1.043978
0.968697
1.098077
1.017284
0.8922324
0.830548
1.294467
1.436144
1.26561
1.15252
1.094024
1.017854
1.014418
0.951994
0.9952059
1.172826
0.8496454
0.9346921
1.030592
1.164332
0.9956028
0.90519
0.7976552
0.9553883
0.9508344
0.9859502
0.9240393
0.9313669
1.2446
1.006579
1.181443
1.240015
1.276674
1.132836
1.03462
1.050121
1.03741
1.175289
1.083088
1.329531
1.395939
1.377531
1.166254
1.120462
0.9545065
1.001798
1.051152
1.129685
1.094615
0.9778786
1.042758
1.128486
1.21385
1.20036
1.095651
1.109504
1.308322
1.113202
1.246454
1.030038
1.298747
1.120037
0.9793227
1.102911
1.118466
1.038
1.042686
0.9781562
1.261186
1.162008
0.9497108
0.9356197
1.118967
1.314993
1.018983
1.161246
0.8911704
0.9774244
0.9939231
1.024509
1.051221
0.9952287
0.8699045
1.052535
1.233011
1.178471
1.370359
1.131631
0.9660199
1.114619
1.160921
1.151358
1.207251
1.218698
1.213674
0.9499053
0.8395235
0.9609372
0.990746
1.296905
1.200319
1.096731
1.006863
0.905418
0.9335251
1.030015
1.290969
1.118666
0.8995965
0.9019534
1.01614
1.102536
0.9101787
1.215973
1.314855
1.01757
0.9230998
1.101917
1.026932
1.002864
0.9101049
0.9253347
1.031383
1.076979
1.21011
1.052728
1.258437
1.190322
0.9369253
1.179633
1.197822
1.05754
1.008238
1.023203
0.9535351
1.006372
1.088356
1.027589
1.009037
1.232645
1.217243
0.9356078
0.8596144
1.00366
1.3881
1.092085
1.029207
1.192435
1.168182
1.232654
1.238667
1.064296
1.053221
0.95829
1.09686
1.022139
1.161311
1.182302
1.175339
1.238532
0.9599736
0.9809655
1.021864
1.265035
1.126568
0.9856701
1.027538
1.023831
1.065977
1.110441
0.9771576
1.20941
1.352392
1.228687
1.426075
1.214457
0.9663404
0.9098217
1.115055
1.132624
1.097785
1.155708
1.347507
1.092056
0.9924806
1.015506
1.256622
1.074863
1.330483
1.078841
1.283469
1.085738
1.058258
0.854173
0.8522183
0.9622177
0.9932541
1.061796
1.128724
1.185964
0.9485315
1.106117
1.161689
0.9536736
1.194712
0.9822005
0.9642786
1.080179
1.063858
1.004718
0.8063803
1.026294
0.9740855
0.9564683
1.242339
1.054437
0.8908459
0.9660992
1.078002
1.032286
0.9030819
1.15196
1.086399
1.066085
1.225674
1.215904
1.002756
0.9568094
0.9403689
1.156403
1.455071
1.128039
1.079937
1.074326
1.023948
0.8425533
0.9734757
1.109509
0.8473145
0.85983
1.043645
0.8681866
1.061792
0.9837407
0.9502799
0.8958797
0.7980927
1.118421
1.137516
1.028688
1.116302
0.843527
1.051697
1.014082
1.079978
1.120476
1.061523
0.9206994
0.9468814
1.21847
1.225619
1.147782
0.9725132
1.04315
1.097059
0.8352529
0.9773468
1.184103
1.157527
1.15889
1.278136
1.08107
0.8681605
0.920891
0.9774575
0.9834471
1.223548
1.044284
1.298866
1.123963
1.092567
1.176245
1.146263
1.019937
1.154934
0.9982825
1.258963
0.9316536
0.8994801
1.22537
1.003495
1.014489
1.029326
0.9552814
1.062989
1.046745
1.027969
1.026421
1.02011
1.25818
1.049889
0.9335726
1.062002
0.9430288
1.257466
0.9235044
1.136346
1.086003
1.315863
1.248012
1.282266
1.202713
1.057223
1.055238
0.9611138
0.9367681
0.8762737
0.9108577
0.9611851
0.9275106
1.125815
1.045783
1.289965
1.113679
0.9038359
1.012225
1.054951
0.8513269
1.045948
1.054324
0.9806961
1.046599
1.135819
1.184611
1.047323
1.018185
0.9981668
0.9641863
1.146289
1.132173
0.9715178
1.116676
1.014087
1.170891
0.9444634
1.101114
1.090439
1.221852
1.156083
1.234635
0.956947
1.132813
1.277429
1.192373
1.025789
0.9392993
1.111996
0.8984782
1.035942
1.098898
1.137639
1.103339
0.9767498
0.9578475
0.8943301
1.011392
1.326038
0.7935856
1.257217
0.9210954
1.074965
1.008341
1.09259
0.9857244
1.120672
1.025937
1.107595
1.119679
1.201357
1.19885
1.099566
1.276791
1.079718
1.14284
1.146783
0.9771322
1.0252
0.9940949
1.220301
1.042158
1.002876
1.143821
0.9574333
1.072439
1.113726
1.069277
1.074357
0.9079311
0.9572606
1.141355
1.172951
1.043255
1.002139
1.130986
1.109386
0.8672985
1.25598
1.24157
1.003286
1.258405
0.9534478
0.9263112
1.170604
1.083038
1.20315
1.164933
0.9865639
1.244242
1.275012
1.036867
1.295532
0.9503534
1.152386
0.9485715
0.7733748
0.8540131
1.084215
1.192199
0.8518353
0.9850787
1.171976
1.036996
0.9436833
0.7775109
1.028809
0.9485102
1.001633
0.8891419
0.9258898
0.9999819
0.978483
0.9169983
1.13258
1.2442
1.058476
1.164031
1.064257
1.017992
1.393704
1.17851
1.378692
0.9100874
1.064305
1.104311
1.037778
1.333479
1.332889
1.078457
1.050082
0.9509929
1.032027
1.126899
1.040195
1.025491
0.8214269
1.006235
0.9346258
0.9916469
1.177346
1.259432
1.039758
1.201558
1.191885
1.095129
1.058954
1.134731
0.9869375
1.024795
1.250811
1.146949
1.063284
1.117161
1.00045
0.9744352
1.01398
1.281254
1.102802
0.9965773
1.163788
0.8728231
1.068606
1.0907
1.061332
1.257646
0.9273483
1.166273
1.200987
1.086866
1.214425
1.276695
0.8885038
0.9683515
1.005543
0.9474696
1.007299
1.217348
1.152688
1.057645
1.100681
1.083648
1.040672
0.9426558
1.083647
1.237542
1.085353
1.163906
1.116761
1.111168
1.094664
0.980538
1.294036
1.104356
1.197131
1.247743
1.331061
1.142516
1.106512
1.203598
1.225442
1.169856
0.9700094
1.226763
1.134971
1.102543
1.047639
0.8331635
0.8480739
0.9792829
0.9961883
1.126857
1.109335
1.135326
0.9488207
1.136588
1.184109
1.146209
1.024726
1.253913
1.537261
1.469208
1.07898
0.8899768
0.8934959
0.8459917
0.8716084
0.8734674
0.8498416
1.104026
0.951624
0.9399792
0.9977554
0.9739096
0.9751739
1.210797
1.080416
1.235112
1.012475
0.7971744
0.999943
0.9099186
1.076716
1.303704
1.048432
0.9248496
1.09859
1.005026
1.06949
0.8543963
1.231335
1.00608
1.099343
1.231939
1.252414
1.11754
1.199586
0.9850796
1.112493
1.270399
1.235945
1.125765
1.102375
1.085499
0.8364676
0.9616785
1.122615
1.162426
1.019067
0.986911
1.143539
1.10397
1.108416
1.070474
1.262211
1.368474
1.39619
1.1026
1.204661
0.93188
1.105007
1.131468
0.9817234
1.183617
1.221329
1.217478
1.063024
1.080074
1.09569
1.070652
1.011618
0.8181153
0.9958759
0.9039093
1.266977
1.168556
0.9717154
1.199992
1.093461
0.8308616
0.9213623
1.001845
1.058014
1.205316
0.9707821
0.9376149
1.251737
1.032975
1.055667
0.9309763
0.9975354
0.9576709
1.120405
0.9221035
1.169594
1.032488
0.9664748
1.078457
1.172634
1.049285
1.277535
1.217946
1.275075
1.032218
1.036025
0.9908276
1.266694
1.200742
0.9559675
0.975083
1.069011
1.028019
1.24483
0.9976211
1.104148
0.9966792
1.069297
1.124626
1.005765
1.285575
1.229809
1.034708
0.9271712
0.9494233
1.15265
0.8021802
1.262045
0.9019823
0.9594715
1.009698
1.215125
1.20595
1.19132
1.091012
1.075161
1.228873
1.036486
1.190169
1.185062
0.945122
0.9213501
0.9928672
1.14505
1.296626
1.278532
1.159929
0.934335
0.984074
1.115182
1.071949
1.002091
1.053445
1.017734
0.9479391
0.7430183
0.9461917
0.893792
0.98675
0.8012603
0.9741958
0.8887604
1.047462
1.122376
1.420703
1.5534
1.510951
1.002327
0.9580288
0.9941059
1.359674
1.181492
1.11883
1.073913
1.158079
1.160023
1.051611
1.024712
0.9409047
1.012113
1.111632
0.9320488
1.088665
0.9905473
0.9873141
1.002802
1.020079
1.130696
1.310719
1.301229
0.9567342
1.004052
1.143063
1.030226
1.117901
1.256117
1.383881
1.123934
1.135258
1.355439
1.147289
1.138403
1.256597
1.210199
1.026921
0.9802095
1.010831
1.223319
1.077981
1.068608
1.067393
1.093767
1.044269
0.8955595
0.9127181
0.9711937
0.9599785
0.9746114
1.203831
1.239135
1.08673
1.029277
1.071548
1.127692
0.8645578
0.8917206
1.128614
1.034977
0.9586377
1.111961
1.039387
1.15112
1.09248
1.005085
0.91782
0.9203988
1.163736
1.00594
1.04471
1.118412
0.9970024
1.13897
0.950192
1.105965
1.441651
1.279242
1.071963
1.048198
1.111858
1.133343
0.977956
1.108962
0.916371
0.9569633
1.130505
1.291808
1.171598
1.134509
0.996002
1.182956
1.124721
0.9210176
0.9890138
1.161398
1.130129
1.152244
0.7301158
0.9082612
1.022749
0.9822126
0.9009323
1.145922
1.044039
1.253083
1.229239
1.056886
1.356958
1.157839
1.037598
1.050665
1.15816
1.041022
1.21104
1.292772
1.217175
1.232231
1.082436
1.129635
1.078408
1.250517
1.085163
1.055425
1.308692
0.9848829
0.8816046
1.089972
0.935967
0.9380753
1.066729
1.007209
0.9698305
1.138848
1.07365
1.083633
1.010453
0.9494026
1.174274
1.068284
1.280827
1.276829
1.116501
1.012673
0.957309
0.9745916
1.033092
1.013895
0.9912796
0.9557085
0.9744744
0.9221923
0.9661661
0.9980047
1.212643
1.230224
0.9725641
0.9277575
1.069076
1.23866
1.174083
1.259753
0.9393293
1.156612
1.140093
1.092442
1.163004
1.11412
1.373707
1.419585
1.259788
1.058012
1.295461
0.9326301
1.022521
1.188065
0.9151597
0.9254107
0.9174198
0.9707377
1.144159
1.329066
1.102811
1.083869
1.169668
1.143537
1.08005
1.283209
0.97591
0.9263319
1.077275
1.131253
1.114903
1.098986
1.045489
1.161484
1.282566
1.205699
1.292469
1.155033
1.053848
1.008117
1.123981
1.092898
1.094547
0.9681177
0.9978413
0.8578499
0.9511386
1.193682
1.029192
1.159528
1.395697
1.227106
1.204635
1.139443
0.9330207
1.087048
1.175096
1.104486
1.072164
1.000952
1.127877
0.9138727
1.177042
1.268876
1.27527
1.14583
1.272318
1.131697
0.9007809
1.21047
1.130161
1.117331
1.097445
0.9856576
1.24765
1.05219
0.8898422
1.027219
1.047062
1.083921
0.9981956
1.189064
0.8710499
1.042663
0.9671214
0.8917422
0.8779308
1.215896
0.9891543
1.01128
1.005978
0.9940478
0.995066
1.071908
1.128944
0.9278327
1.149366
1.268105
1.198678
1.0087
1.129587
1.03493
0.8338393
0.8466292
1.086693
1.043492
0.9968991
1.220388
1.222865
1.049296
1.150422
1.037591
0.87411
1.091549
0.7939053
1.099328
0.9246501
0.8682566
0.9583701
0.8833909
0.8067392
1.194272
1.065192
1.015894
1.076122
1.101143
1.001517
1.053325
1.051924
1.105603
0.9987436
0.8570889
1.139805
1.188706
1.13116
1.008726
1.003974
0.9358241
1.092743
0.9798874
0.8989518
1.091755
1.225542
1.062469
1.21737
1.12554
1.132423
1.162146
1.140096
1.255001
1.160877
1.038589
1.218735
1.090155
1.008728
1.252954
0.9521954
0.942439
1.160309
1.074616
0.9919192
1.034671
1.057742
1.256086
1.090468
0.8603185
0.9873679
1.024674
1.082558
0.9719052
1.113816
1.230108
1.010227
1.194361
0.9654887
0.9424982
1.205066
1.082582
1.160583
1.090863
1.111702
1.059178
0.9737203
1.021062
1.110475
1.055211
1.11531
1.136257
1.251175
1.027959
1.088306
1.080368
1.006585
0.976748
0.9420678
0.9345748
1.022729
0.9886836
1.176535
0.895551
0.8791121
0.8081539
1.069145
1.191751
1.351946
1.302704
1.222545
1.029623
1.210289
1.149788
1.272545
1.450906
1.215099
1.100185
1.244853
1.040736
1.236888
1.102725
0.9934254
1.079047
1.05002
1.333119
1.022554
0.9061768
1.029782
0.918068
1.225251
1.373543
1.409394
1.110357
0.9026371
0.9617292
1.157029
1.066767
1.121708
1.01627
1.131753
0.9564051
1.058702
1.305197
1.106148
1.035305
1.129116
1.063663
0.9708975
0.9150393
0.9372118
1.251965
1.076919
1.013043
1.195176
1.294915
1.293663
1.279245
1.137145
1.197839
1.060094
1.318197
1.147761
1.039239
1.022876
1.095506
1.007578
0.8743792
1.222973
1.027027
1.202269
1.156689
1.033174
0.8163356
0.8637275
1.010052
1.080914
1.179408
1.400706
1.200595
1.118797
1.082103
1.058293
0.9163854
0.9645663
1.224106
1.186731
1.474119
1.231449
1.132798
0.9493555
0.8828904
1.017233
1.161702
1.061895
0.9194022
1.150719
1.257662
1.062665
1.125192
1.084389
1.184007
1.291658
1.098193
1.29275
1.418925
1.309229
0.9995895
0.907225
1.059198
1.115263
1.139318
1.17796
1.112121
1.326359
1.206536
1.117358
1.000661
1.196324
0.9618797
1.14466
1.058049
1.046193
1.029378
0.9507183
1.028832
1.091159
1.189241
1.120138
0.9735392
1.126034
1.049806
1.005757
1.100878
0.9842121
0.995057
0.9605245
1.235441
0.9597685
0.8833183
1.100358
1.30217
1.406696
1.097122
0.9510628
1.050453
1.121337
0.9527237
0.9598282
1.054167
0.8719841
0.8465268
1.074508
1.109712
0.932116
1.011362
1.081743
0.9843083
1.102692
0.9868174
1.02661
0.9696058
0.9366516
1.058357
0.9665048
1.007094
0.9988765
1.011305
1.081425
1.125827
1.108052
1.006425
1.022611
1.071506
0.9858246
1.018771
1.068184
1.184511
1.202396
1.165436
1.207824
1.106604
0.8857174
0.9593564
0.9682196
1.28635
1.528699
1.241501
0.9912746
1.222666
1.253954
1.231011
1.041275
0.798678
0.9204127
1.162159
1.175392
1.051002
1.063014
1.298699
1.134098
1.139056
0.8858901
0.8833923
0.896959
1.117181
1.33398
1.117022
0.8745464
0.8836353
1.096305
1.051826
1.07121
1.368555
1.250022
1.08651
0.9870894
0.9725582
1.19445
1.144061
1.316435
1.2283
1.153871
1.258261
1.233243
1.179503
1.378881
1.068337
0.910102
1.029544
0.9372004
0.8125075
0.9848389
1.066237
1.181058
0.9828948
1.066287
0.9631448
1.072942
0.8708095
0.9432319
0.9057704
1.134806
1.082243
1.292049
1.073562
1.123631
0.9083145
1.029923
1.047523
1.391553
1.262421
1.086872
1.165671
0.8192553
0.9039606
0.9853316
1.166936
0.7781646
1.136934
1.446499
1.137751
1.038872
0.9480363
1.041464
0.8797154
1.031392
0.8676443
0.831118
1.040733
1.056233
1.079716
0.9847035
1.138604
0.9399461
1.058459
1.098239
