0.0005485507
0.0006020299
0.0005568425
0.0005632775
0.0004430269
0.0006836161
0.0005542523
0.0004776796
0.0004484075
0.0004934582
0.0004633529
0.0003446061
0.0004064077
0.0003365633
0.000392902
0.0003819956
0.0003738052
0.0003024824
0.0002972565
0.000330765
0.0003831191
0.0003677494
0.0004935165
0.0004762765
0.000487638
0.0004704119
0.0004706411
0.0005205729
0.0003898732
0.0005048165
0.0005207869
0.0005141344
0.0004614562
0.0003747307
0.0002409636
0.0002536443
0.0003009395
0.0002819603
0.0002487497
0.0003372035
0.0003742723
0.0002754636
0.0002324044
0.000194197
0.0002166651
0.0002467507
0.0002527392
0.0002398563
0.0002342152
0.0002152436
0.0001889191
0.0001871732
0.0002211082
0.0002116685
0.000188406
0.0002409918
0.0002362685
0.0002633269
0.0003685846
0.000258086
0.0002874588
0.0002994375
0.0003935547
0.000462723
0.0005543908
0.0005060211
0.0003654583
0.0003835986
0.0004657824
0.0003942283
0.0003406768
0.0003516033
0.0003130531
0.0003708547
0.0005340284
0.0004182112
0.0004033766
0.0003958485
0.000439982
0.0004449183
0.000444924
0.0004807252
0.000428645
0.0003685017
0.0003837102
0.0003778452
0.0003161906
0.0003211544
0.0003097886
0.0002856962
0.0002901667
0.0002742499
0.0002550728
0.0002533754
0.0002318804
0.000246948
0.0003094027
0.0002874372
0.0003296766
0.0003116015
0.0002524121
0.0002378811
0.0002052543
0.0001928745
0.0002064778
0.0002367802
0.0002321624
0.0002335544
0.0002151368
0.0001760345
0.0002449617
0.0002547679
0.0002197689
0.0002400554
0.0002601247
0.0003200432
0.0003456917
0.0004080538
0.0004441795
0.0003872301
0.000390658
0.0003245364
0.0004037091
0.0002973504
0.000372845
0.0004612471
0.000550873
0.0004469708
0.0004490837
0.0004630171
0.0005537683
0.0005350847
0.0005752515
0.0007785901
0.0008442971
0.000593558
0.0005038686
0.0004838016
0.0005380059
0.0005359322
0.0005363878
0.0004662145
0.0005654998
0.0004305827
0.0005607585
0.0006532544
0.0005663849
0.0004531386
0.0004304611
0.0004592922
0.000424478
0.0003620719
0.0003983676
0.0005225264
0.0004801491
0.0004094172
0.0004530031
0.0006872476
0.0004426509
0.0004886281
0.0004643734
0.0003083529
0.0003330348
0.000345468
0.0004333133
0.0004797419
0.000334698
0.0003753443
0.0004139472
0.0004983839
0.0004951814
0.0003898854
0.0003586358
0.0004340486
0.0003659267
0.0003940627
0.0004290632
0.0004388612
0.0005053288
0.0004909142
0.0005146979
0.0005954784
0.0003869711
0.0004465126
0.0004017592
0.0004577376
0.0003177633
0.0003620791
0.0003357525
0.0003148945
0.0002734617
0.000369611
0.0004090641
0.0004087495
0.0003935348
0.0004526571
0.0003875989
0.0003863018
0.0004206511
0.0003667473
0.0003903974
0.0003243354
0.0003072669
0.0003018951
0.0003277184
0.0002990612
0.0002799444
0.0002825576
0.0002977965
0.0003560413
0.0003704489
0.0004227972
0.0004859085
0.0004435908
0.000388348
0.0004375574
0.0004586319
0.0006916156
0.000504234
0.0005547808
0.0004637079
0.0003677812
0.000502629
0.0003868057
0.0003684224
0.0002508183
0.0002385978
0.0002777932
0.0003354709
0.000306752
0.0003972935
0.0003644623
0.0003615253
0.0003947361
0.0004884765
0.0004009091
0.0004713848
0.0003963216
0.0004208691
0.0004395683
0.000686617
0.0006017612
0.0005278337
0.0004169398
0.0003420409
0.0002955936
0.0003127058
0.000548967
0.0004682485
0.0005747862
0.0004747821
0.0005001032
0.0004194356
0.0003161927
0.0003820059
0.0003434859
0.0003390198
0.0003236854
0.0003126975
0.0002421994
0.0002442484
0.0002543379
0.0001965642
0.0002340582
0.00033415
0.0002582547
0.0002182923
0.0002184878
0.0002370754
0.0002354239
0.0002216633
0.0002299333
0.0002922421
0.0003128481
0.0002053972
0.0002012783
0.0002365884
0.0002258643
0.0001638141
0.0002403121
0.0002764465
0.0004268648
0.0003289336
0.0002901107
0.0003624725
0.0003386738
0.0003909569
0.0002687205
0.0002724848
0.0003103986
0.0002172329
0.0002188293
0.0002205375
0.0002213043
0.0002913174
0.0003156182
0.0003927315
0.00030966
0.0002763097
0.0003801818
0.0003818254
0.0003465959
0.0003386849
0.0003990832
0.0003833714
0.0003175511
0.00028312
0.0003447364
0.000311618
0.0002546987
0.0001981641
0.0002061638
0.0002669384
0.000329082
0.0003330686
0.0004196001
0.0004566464
0.0003979949
0.0002976943
0.000309588
0.0003857694
0.000457877
0.0005495845
0.0006424148
0.0005601385
0.0004818314
0.0005454251
0.0007611515
0.0006534367
0.0008438957
0.000569751
0.0005762938
0.0005082486
0.0004970187
0.0004586267
0.0004925466
0.0003670383
0.0004043574
0.0003800661
0.0004057426
0.0004211905
0.0004395656
0.0002984798
0.0003002819
0.0003218103
0.000324704
0.0002302291
0.0002268168
0.000189298
0.0002023085
0.0002444614
0.0002731617
0.0003656378
0.0003905191
0.0003730784
0.0003918254
0.0004283972
0.0004680568
0.0006101153
0.0005747559
0.0005635348
0.0003407832
0.0002861697
0.0002354595
0.0002204604
0.0002181107
0.000219543
0.0002697204
0.0003724837
0.0004500721
0.0003355355
0.0003859186
0.0003129313
0.0002957833
0.0003737565
0.0003109827
0.0003645251
0.0004201625
0.0003390026
0.0003893484
0.0003880414
0.0005047244
0.000630659
0.0005731553
0.0005629338
0.000489993
0.000432958
0.0003766103
0.0003927454
0.0004243239
0.0003526456
0.0003481242
0.0003703295
0.0004546029
0.0006172254
0.0005692426
0.0004821194
0.0004034502
0.0004259027
0.0003163307
