0.4339657
0.5818409
0.9226169
0.6561348
0.4768349
0.4032596
0.5025593
0.6112465
0.5599936
0.455479
0.7618873
0.6514096
0.8439141
0.5718752
0.6164597
0.6764306
0.7221481
0.482695
0.5554889
0.5447574
0.6678678
0.8179471
1.044484
1.107814
0.8666791
0.7730941
0.7803817
0.5967663
0.8601565
0.6796813
0.5295061
0.6323482
0.693078
0.8171365
0.8259866
0.9407713
0.6683359
0.7028614
0.6973623
0.6275058
0.9059665
0.7530589
0.6419086
0.4605569
0.4042024
0.3296822
0.3960703
0.7261279
0.5949405
0.6667569
0.5540974
0.6843301
0.6970706
0.7641797
0.633419
0.519705
0.639998
0.7363732
0.6541572
0.5785939
0.6643127
0.7963899
0.6609456
0.9542246
0.800415
0.6929168
0.4110458
0.7631041
0.8480397
0.8596049
0.9922849
0.6308615
0.5717317
0.8066179
0.8160337
1.017139
0.87197
0.7408259
0.7086006
0.6561442
0.8855915
0.9621159
0.9459946
0.592772
0.7347319
0.875655
0.7972947
0.6613299
0.8832288
0.7478729
1.064374
0.9667478
0.606838
0.6670716
0.7596806
0.6280603
0.7022854
0.7111418
0.5338824
0.5359013
0.5698486
0.715915
0.6653596
0.7696777
0.576529
0.467437
0.6106879
0.6419212
0.600345
0.5746169
0.5130407
0.4854876
0.6295989
0.5871749
0.5254608
0.6234982
0.6031673
0.5189791
0.3655333
0.474067
0.4713781
0.7561426
0.8323687
0.7249133
0.8565042
0.5486855
0.602881
0.6338835
0.9619886
0.6867775
0.8713662
0.719829
0.5708972
0.7477811
0.7692751
0.5628604
0.9363284
0.7753523
0.8562189
0.669196
0.7641748
0.6202413
0.7790974
0.5062829
0.5122451
0.6041076
0.7231368
0.681248
0.6299014
0.6028064
0.6570172
0.4675095
0.8095867
1.091904
0.6735559
0.7039013
0.8335901
0.7681909
0.8623747
0.8182928
0.8272959
0.82631
0.7764933
0.5658481
0.5301672
0.5677925
0.6127209
0.6899535
0.6449356
0.6181294
0.5145469
0.4841201
0.5845693
0.644475
0.5799789
0.8278231
0.6984581
0.8967802
0.76717
1.226954
0.8911535
0.7740535
0.9023545
0.9402783
1.046998
0.719607
0.6970144
0.8977036
0.9409929
0.8169069
0.6674151
0.7050949
0.5215396
0.4940585
0.6315448
0.6978503
0.6574865
0.4835824
0.5483768
0.6570839
0.8136378
0.7029509
0.5920442
0.4718121
0.3098815
0.4654667
0.7074108
0.6046866
0.6664716
0.551112
0.5283524
0.6768072
0.6060984
0.6542948
0.6372984
0.6550091
0.6924915
0.5440003
0.5328653
0.5371202
0.8821075
0.5045202
0.4819003
0.3722935
0.6704912
0.6821118
0.5387391
0.5299531
0.6566859
0.3704363
0.3790538
0.5089758
0.6605635
0.4575776
0.5747547
0.7255282
0.8535619
0.9816178
0.8214902
0.5418244
0.7335591
0.6276065
0.5844402
0.8343204
0.6531221
0.8611802
0.729066
0.5925702
0.5893187
0.4388233
0.5106919
0.5805271
0.7341783
0.6787004
0.8725755
0.4415063
0.5066607
0.5538463
0.491375
0.4992954
0.4402792
0.4792449
0.4566927
0.4837159
0.5057453
0.5730916
0.5811354
0.6500076
0.4916394
0.4688816
0.524331
0.6191115
0.500984
0.543468
0.5164215
0.4883624
0.7539558
0.7948171
0.5180403
0.5371629
0.6180021
0.5332446
0.9361918
0.7720795
0.8915773
1.021887
0.9363876
0.7838174
0.9123149
0.6242782
0.645844
0.852416
0.7875588
0.4415703
0.4480965
0.5406729
0.7294279
0.9053592
0.9583726
1.079582
0.9008356
0.6981328
0.5957618
0.7133064
0.7068009
0.5462993
0.3783834
0.4511076
0.4134202
0.5834146
0.5954365
0.4367136
0.3184388
0.429554
0.4069176
0.5258954
0.6720938
0.704464
0.6136082
0.5343203
0.5617335
0.5992157
0.5708271
0.5983725
0.7314927
0.5275488
0.480934
0.4766543
0.4463312
0.50145
0.4740121
0.7410462
0.6659787
0.8016042
0.5189889
0.3170263
0.3572598
0.8456501
0.6113246
0.6403536
0.5395391
0.5801071
0.6461819
0.6339946
0.9260591
0.7019284
0.6982519
0.8913583
0.7998983
0.9504832
0.716283
0.7065462
0.7954731
0.6145906
0.841069
0.8716696
0.773241
0.662643
0.6946912
0.7920657
0.5514371
0.6472285
0.6713159
0.7440855
0.4515697
0.4199306
0.5104084
0.5936636
0.391151
0.5495844
0.5673901
0.54785
0.8134297
0.7927303
0.8765307
0.7430612
0.9719963
1.10902
0.7672975
0.834059
0.5971561
0.4035027
0.4489716
0.887627
0.8560534
0.8445033
0.8262129
0.7388099
1.168056
0.8020431
0.6799968
0.4314569
0.855583
0.6826838
0.8326664
0.7029153
1.23744
1.136644
0.6806789
0.8801046
