0.3577517
0.1530929
0.2291233
0.2931487
0.2399351
0.3118526
0.3020458
0.3089338
0.2877634
0.2848567
0.2494239
0.2714935
0.2524249
0.2810293
0.3061631
0.2319788
0.2334338
0.1641537
0.1957607
0.1534106
0.09640781
0.1030977
0.1324168
0.1303221
0.2207526
0.4177615
0.3920113
0.4095017
0.4011232
0.3137444
0.2019308
0.1786474
0.1713417
0.1573767
0.2696612
0.2891263
0.6004556
0.7137776
0.7661213
0.7797004
0.8962836
0.6428707
0.8143835
0.6638659
0.9282001
1.876874
1.978691
2.335333
1.773186
1.342466
1.532084
1.004529
1.068972
2.062002
1.634008
1.935474
1.619891
1.478695
1.435267
2.101142
1.573181
1.266913
1.118468
0.9346322
0.9129227
0.6445172
0.4414943
0.3182574
0.2963459
0.2257962
0.2541376
0.358968
0.3279881
0.3417216
0.21517
0.2725117
0.2950098
0.6667743
0.6097351
0.4321622
0.5268782
0.5258895
0.7884401
0.8713566
0.4922365
0.3219194
0.3064076
0.2818572
0.2125385
0.1667725
0.2036151
0.2343457
0.263259
0.1675331
0.183384
0.284567
0.3295366
0.3390891
0.2897889
0.3455486
0.4287953
0.3763021
0.7091776
0.5623687
0.391195
0.420239
0.4844438
0.5433612
0.5576848
0.4028614
0.6668554
1.024261
0.676752
0.5479536
0.5220476
0.6924718
0.6453715
0.3773303
0.3307962
0.3798013
0.3593175
0.4913039
0.4920283
0.3131098
0.3143118
0.2500761
0.2093817
0.2282306
0.3013083
0.383843
0.3754715
0.2704167
0.1506593
0.1421357
0.1796703
0.2574893
0.2173451
0.2532516
0.252843
0.2048765
0.1488309
0.1727302
0.1973716
0.2678402
0.2355246
0.1473479
0.1427777
0.2345564
0.2855891
0.2284405
0.2985368
0.3117766
0.1970097
0.2339765
0.2158063
0.3549096
0.2561432
0.2668279
0.2061474
0.1560248
0.2389908
0.2573902
0.4466775
0.5099091
0.4705259
0.4380239
0.3899824
0.4754499
0.4142762
0.310262
0.6426933
0.6476502
0.5617276
0.7625432
0.620108
0.4370551
0.4473728
0.5980031
0.6238597
0.4636409
0.494934
0.7317803
0.3665336
0.4430407
0.607247
0.5622744
0.5025616
0.4452851
0.5050919
0.5443246
0.8390787
1.105116
1.082064
1.001994
0.8305619
1.528821
1.434899
1.364201
0.9883847
0.6264636
0.4488693
0.6431676
0.7360779
0.724061
0.7109701
0.8886693
0.9913547
0.7170001
0.9333667
0.9237023
0.7114231
0.5253067
0.4937939
0.6730762
0.8419696
1.466887
1.525366
0.9782617
1.109943
1.119147
0.8026576
1.252337
1.355008
1.467186
1.432554
1.987011
1.606855
1.837756
1.542511
1.25729
0.8311108
0.4676656
0.8284367
0.9860659
0.8539081
0.5688956
0.7677124
0.7591811
0.9256618
0.9109632
1.106136
1.373073
1.561266
1.077623
0.9356714
1.040592
0.8091514
0.7921614
0.5510182
0.6684371
0.6545211
0.7452372
0.4843566
0.6333815
1.120212
1.175343
0.5684188
0.6162169
0.7254252
0.623118
0.6414238
0.4984468
1.084471
0.9627122
0.8820212
0.5575727
0.6402707
0.7594998
0.6798306
0.6036564
0.5438189
0.4505529
0.4641288
0.3691737
0.4039779
0.5511812
0.7759589
0.8263887
0.5755427
0.34646
0.2920442
0.2390367
0.2532738
0.3700756
0.3415607
0.4136291
0.4040051
0.3735729
0.2843377
0.3131465
0.3646769
0.269114
0.3052923
0.363826
0.4195409
0.4907978
0.5037954
0.48064
0.3852252
0.3127137
0.3138419
0.5558253
0.5180635
0.3617355
0.4179995
0.2442807
0.4398295
0.4349741
0.5676542
0.7443545
1.224477
1.152751
1.575504
1.61543
0.7188172
0.7369989
0.587315
1.034196
0.8995445
1.521347
1.217318
0.9642825
1.468763
1.728493
1.38383
1.490025
1.554068
1.946035
2.391274
1.481955
1.282539
1.000741
0.6256954
0.6826321
1.019992
1.052703
1.099473
1.085454
0.9331772
0.6431316
0.3217697
0.3404499
0.300463
0.5558754
0.7942588
0.9347383
0.7005568
0.5766722
0.5458547
0.5094007
0.4580366
0.2660611
0.2839263
0.2004873
0.2141989
0.3359115
0.2232446
0.4439853
0.5795824
0.5609348
0.3387282
0.471451
0.3469968
0.2283727
0.2033921
0.2771582
0.2109208
0.2308586
0.1504995
0.1213692
0.1788674
0.2539249
0.2674837
0.2492876
0.2390703
0.2311741
0.3603283
0.298995
0.3322838
0.2592419
0.3324349
0.339654
0.3234796
0.2930506
0.3256338
0.2509937
0.2135551
0.1900953
0.2699429
0.4225641
0.4163966
0.599907
0.4582321
0.4043572
0.2943823
0.4059024
0.309195
0.2332475
0.3144328
0.2745711
