-0.5841947
-0.6470913
-0.5087761
-0.4972755
-0.5442558
-0.5232613
-0.5882014
-0.5672487
-0.4549496
-0.493587
-0.566304
-0.6152115
-0.6099072
-0.5944648
-0.6029154
-0.6850096
-0.4786851
-0.5405275
-0.4549779
-0.4729003
-0.5021439
-0.5892517
-0.5548867
-0.5531603
-0.5778985
-0.5111712
-0.4929552
-0.5370853
-0.530185
-0.5615571
-0.4707556
-0.5119247
-0.5363978
-0.5370551
-0.512144
-0.5315155
-0.5321341
-0.5510202
-0.5084579
-0.5226521
-0.6145597
-0.569096
-0.5077062
-0.5643246
-0.5582279
-0.5545811
-0.5083548
-0.4550796
-0.5936506
-0.4936811
-0.554974
-0.4239011
-0.5765764
-0.5341374
-0.5404819
-0.5395757
-0.5683824
-0.5305613
-0.4917128
-0.5096159
-0.5556526
-0.5307711
-0.488856
-0.5251767
-0.5025961
-0.4815419
-0.5452336
-0.5222165
-0.5226089
-0.5041822
-0.5003917
-0.5830307
-0.5790629
-0.5749259
-0.5051891
-0.5901744
-0.5640802
-0.6020871
-0.5698194
-0.5370476
-0.5147286
-0.524913
-0.6037025
-0.496862
-0.6008731
-0.4339992
-0.567921
-0.5267728
-0.5778928
-0.5768672
-0.624096
-0.5397908
-0.5488388
-0.5186443
-0.489433
-0.4646266
-0.5822771
-0.5447136
-0.4706116
-0.5388854
-0.6343937
-0.4956838
-0.5817906
-0.5351281
-0.5989057
-0.5639385
-0.5322282
-0.529791
-0.524951
-0.5130472
-0.5185585
-0.6106505
-0.5885078
-0.609246
-0.5108277
-0.4932691
-0.4364158
-0.5223175
-0.4973005
-0.6020266
-0.4955544
-0.5442459
-0.5809413
-0.5093956
-0.604314
-0.5380969
-0.4969618
-0.4723924
-0.5080963
-0.5220525
-0.5795653
-0.5805112
-0.5526743
-0.5290886
-0.5341783
-0.5407049
-0.4874668
-0.5960608
-0.6171139
-0.5666643
-0.621395
-0.5005271
-0.5631421
-0.5452137
-0.5098111
-0.5283317
-0.4912621
-0.5367991
-0.5573224
-0.5451398
-0.5526767
-0.6429055
-0.5008797
-0.5310759
-0.6117878
-0.5988787
-0.5951119
-0.5159377
-0.5369912
-0.5002952
-0.5512167
-0.5411097
-0.6030216
-0.4945848
-0.5726038
-0.4394136
-0.5116105
-0.4700672
-0.4959916
-0.5311159
-0.5731183
-0.595631
-0.5158819
-0.4825791
-0.4875345
-0.5690625
-0.4794116
-0.5720071
-0.5722201
-0.5294026
-0.5804926
-0.5622363
-0.6043794
-0.6155301
-0.5579768
-0.4805488
-0.5152349
-0.5099818
-0.5393433
-0.5738124
-0.5627775
-0.5554889
-0.5486874
-0.5345505
-0.5261908
-0.5498597
-0.5360991
-0.59933
-0.53112
-0.6141029
-0.6333197
-0.6621462
-0.5529061
-0.5358813
-0.5285634
-0.5492726
-0.4897915
-0.5863732
-0.5038068
-0.5004622
-0.5564401
-0.5981836
-0.5816786
-0.5782159
-0.5540571
-0.5120589
-0.5483409
-0.494707
-0.5562917
-0.532819
-0.5913914
-0.6095913
-0.5532978
-0.5160704
-0.4666371
-0.5777509
-0.5308872
-0.526547
-0.5486204
-0.5747495
-0.5474383
-0.4949966
-0.5620543
-0.5252666
-0.5242475
-0.5805109
-0.4901593
-0.4888313
-0.4200061
-0.5273786
-0.4834849
-0.5820095
-0.5509784
-0.5530945
-0.5327496
-0.5836482
-0.5916188
-0.5569679
-0.5265417
-0.5930277
-0.5299093
-0.4686617
-0.5253616
-0.6035731
-0.5255796
-0.5801425
-0.565529
-0.554757
-0.5034349
-0.5993416
-0.5340633
-0.571847
-0.5712699
-0.5078689
-0.5736709
-0.5360837
-0.4597601
-0.4574336
-0.486372
-0.5953316
-0.5066565
-0.5530717
-0.5226107
-0.5406594
-0.4951667
-0.5954451
-0.5424148
-0.57246
-0.533734
-0.5471504
-0.525986
-0.5588989
-0.5599432
-0.3785879
-0.5179596
-0.5364984
-0.5450155
-0.6054959
-0.5648755
-0.5555511
-0.5704445
-0.6011217
-0.5090082
-0.492828
-0.6239769
-0.552565
-0.6155215
-0.5173443
-0.5026858
-0.5323967
-0.5087909
-0.5503755
-0.4265686
-0.6440281
-0.6329229
-0.6181679
-0.6435533
-0.5189982
-0.524762
-0.4959056
-0.5574442
-0.4405302
-0.5114044
-0.4675157
-0.5236726
-0.4862919
-0.5314443
-0.5343664
-0.5092506
-0.5758101
-0.5660841
-0.5753125
-0.5419791
-0.5559236
-0.6186915
-0.4684124
-0.5281732
-0.4811021
-0.5979881
-0.4494043
-0.5280943
-0.5288558
-0.605854
-0.5708966
-0.5458896
-0.4372602
-0.5472676
-0.4572009
-0.5516058
-0.5320445
-0.6117503
-0.4904828
-0.5775246
-0.5331158
-0.6157624
-0.573425
-0.5382317
-0.5111499
-0.4746447
-0.4824157
-0.5795646
-0.5524221
-0.5471483
-0.6646662
-0.4928032
-0.5719256
-0.5654385
-0.5298106
-0.5396854
-0.495066
-0.4422569
-0.5482692
-0.5804921
-0.5669669
-0.5167877
-0.6507627
-0.4176504
-0.5531408
-0.5697667
-0.5851634
-0.5194951
-0.4736569
-0.4988534
-0.5960149
-0.4771895
-0.5395271
-0.64779
-0.5854849
-0.6007557
-0.4916458
-0.5042198
-0.5765377
-0.4711008
-0.5671448
-0.5895356
-0.5190914
-0.5623256
-0.488986
-0.5131828
-0.5135935
-0.5634508
-0.5456024
-0.5635859
-0.5271391
-0.5549924
-0.5078061
-0.5449288
-0.5723278
-0.5708812
-0.5798199
