0.4241009
0.3912133
0.3507129
0.3335817
0.553454
0.3639061
0.388584
0.4304706
0.5032993
0.4691124
0.5650947
0.4956319
0.4836691
0.4799012
0.3687138
0.4809857
0.465984
0.4266885
0.5752428
0.4568645
0.4198873
0.5128837
0.4743622
0.378462
0.4625049
0.4463745
0.4686874
0.472363
0.4856414
0.4512678
0.4861506
0.4998216
0.4351608
0.5353898
0.3865789
0.3890659
0.4126222
0.5297484
0.5455792
0.4779995
0.4912633
0.4681074
0.5506268
0.4840694
0.520838
0.5758864
0.4590882
0.4665452
0.4765904
0.4921379
0.5144574
0.4258935
0.5669339
0.4948419
0.5088565
0.4691087
0.4458919
0.4688475
0.4576263
0.3980204
0.4589045
0.4865108
0.417082
0.4138094
0.4815772
0.5012871
0.513795
0.4025259
0.4398871
0.4605384
0.4891297
0.4837943
0.4129457
0.4192398
0.4154293
0.5470887
0.4936581
0.490003
0.3561317
0.4627127
0.4696947
0.3713383
0.3967024
0.4629755
0.4689218
0.4301273
0.4195627
0.4977738
0.3814489
0.5595452
0.4607404
0.4846817
0.4952458
0.5570872
0.5283389
0.4547443
0.3731951
0.4555122
0.4422216
0.3807236
0.457532
0.4738819
0.4597461
0.4275602
0.5832386
0.5468528
0.4775729
0.5930525
0.4387015
0.4207345
0.5165806
0.4806374
0.4423678
0.4559701
0.3771048
0.4005792
0.476708
0.4563525
0.4729142
0.4520374
0.4282487
0.5395794
0.4461113
0.4416772
0.3898181
0.4226954
0.4445737
0.4177513
0.4814986
0.4335441
0.4133849
0.4508058
0.4111203
0.4253113
0.4596798
0.4811184
0.4000814
0.4578726
0.459462
0.4633741
0.5000067
0.4741401
0.384829
0.4361419
0.4849625
0.4562995
0.4404898
0.4606022
0.4393547
0.3849947
0.4058254
0.4469347
0.4880704
0.4982847
0.3478604
0.4507808
0.4192675
0.4354413
0.4637351
0.5023517
0.4488898
0.3989141
0.4234744
0.4111566
0.4448035
0.3759548
0.5853608
0.4363361
0.4110457
0.5029261
0.3674524
0.4751558
0.4650782
0.4547976
0.4032554
0.3730658
0.4729938
0.4750893
0.5616395
0.3953615
0.4985449
0.5340859
0.5484841
0.4727476
0.3664215
0.3903071
0.3953232
0.4975028
0.4119633
0.4889816
0.4849329
0.3914572
0.4427062
0.3453326
0.4539721
0.3779184
0.4412188
0.4814601
0.4635147
0.4326881
0.5085044
0.431822
0.51385
0.4764094
0.4592764
0.4900462
0.5029902
0.475488
0.3711257
0.41842
0.4207135
0.3902178
0.4379813
0.5167963
0.5144027
0.5172664
0.4273818
0.4238849
0.4938123
0.4262922
0.4227639
0.4314414
0.4211102
0.4400462
0.3676388
0.4419514
0.4208772
0.446819
0.3964498
0.4680506
0.3948778
0.4122308
0.5707477
0.6343559
0.3833069
0.4988375
0.4188962
0.3661302
0.479751
0.4442908
0.3872777
0.5405146
0.568437
0.4616818
0.4672293
0.415058
0.4650205
0.3698593
0.4490163
0.3610451
0.4578123
0.4766683
0.4429436
0.4430162
0.3673439
0.3851554
0.4903571
0.4246297
0.5145628
0.4925682
0.4328916
0.4413943
0.3968067
0.4591561
0.560284
0.4077086
0.4461186
0.3947534
0.5016247
0.4841412
0.5809068
0.4185155
0.4255349
0.5121881
0.5101519
0.5532869
0.5098274
0.4938371
0.4603105
0.4057198
0.4714744
0.4370319
0.5250567
0.4568483
0.5469681
0.4723566
0.4797498
0.4584095
0.4588198
0.4309716
0.3621539
0.4908615
0.4988883
0.4547189
0.4028404
0.4779297
0.4304446
0.4727617
0.4040605
0.3977669
0.4256813
0.3786137
0.4456986
0.4126743
0.4615255
0.507618
0.5350443
0.4220204
0.449649
0.4998993
0.3954173
0.4636633
0.5481304
0.468768
0.4152043
0.5500111
0.5069581
0.4933505
0.4404382
0.428318
0.5063999
0.4529959
0.4926979
0.4193626
0.4456249
0.3731325
0.6001328
0.4764016
0.3928265
0.411746
0.4395343
0.3992531
0.5623749
0.3878142
0.4291158
0.3989887
0.5312681
0.5011446
0.4246633
0.4773757
0.5414967
0.3853276
0.5003544
0.4723789
0.4263588
0.489812
0.4561651
0.4278173
0.3836628
0.4940428
0.5293923
0.4962707
0.5371623
0.3980154
0.4234088
0.4991751
0.4305241
0.3523175
0.43439
0.4827112
0.4271312
0.3848336
0.4207105
0.3965674
0.4912514
0.4667882
0.5024122
0.553533
0.5178496
0.4741565
0.4071324
0.4280784
0.5561488
0.5048139
0.4459829
0.4538115
0.4434987
0.5270918
0.398712
0.455443
0.4412343
0.5006413
0.3622057
0.5350035
0.52026
0.4733818
0.4905114
0.4300233
0.3476863
0.5324719
0.4183183
0.4607998
0.4576274
0.4328597
0.4094068
0.3815775
0.5034475
0.4686566
0.3453704
0.5575494
